,frame,timestamp,confidence,success,gaze_0_x,gaze_0_y,gaze_0_z,gaze_1_x,gaze_1_y,gaze_1_z,gaze_angle_x,gaze_angle_y,pose_Tx,pose_Ty,pose_Tz,pose_Rx,pose_Ry,pose_Rz,AU01_r,AU02_r,AU04_r,AU05_r,AU06_r,AU07_r,AU09_r,AU10_r,AU12_r,AU14_r,AU15_r,AU17_r,AU20_r,AU23_r,AU25_r,AU26_r,AU45_r,AU01_c,AU02_c,AU04_c,AU05_c,AU06_c,AU07_c,AU09_c,AU10_c,AU12_c,AU14_c,AU15_c,AU17_c,AU20_c,AU23_c,AU25_c,AU26_c,AU28_c,AU45_c
0,1,0.0,0.98,1,-0.007701,0.207521,-0.9782,-0.141048,0.18075,-0.973363,-0.076,0.196,79.8,10.9,469.4,0.152,0.084,-0.029,0.0,0.0,0.0,0.0,0.03,0.98,0.0,1.38,0.0,0.0,0.0,0.0,0.0,0.4,0.0,0.35,0.0,0.0,0.0,0.0,1.0,0.0,0.0,0.0,1.0,0.0,0.0,0.0,0.0,0.0,0.0,0.0,0.0,0.0,0.0
1,2,0.033,0.98,1,-0.004838,0.204553,-0.978844,-0.141509,0.17206,-0.97487,-0.075,0.19,79.9,11.0,469.9,0.149,0.087,-0.031,0.0,0.0,0.0,0.05,0.02,0.92,0.0,1.36,0.07,0.0,0.0,0.04,0.0,0.42,0.0,0.39,0.0,0.0,0.0,0.0,1.0,0.0,0.0,0.0,1.0,0.0,0.0,0.0,0.0,0.0,0.0,0.0,0.0,0.0,0.0
2,3,0.067,0.98,1,-0.004336,0.201629,-0.979452,-0.141899,0.170636,-0.975063,-0.075,0.188,79.9,11.0,470.1,0.147,0.088,-0.031,0.0,0.0,0.0,0.05,0.01,0.89,0.0,1.31,0.11,0.0,0.0,0.04,0.0,0.42,0.0,0.42,0.0,0.0,0.0,0.0,1.0,0.0,0.0,0.0,1.0,0.0,0.0,0.0,1.0,0.0,0.0,0.0,0.0,0.0,0.0
3,4,0.1,0.98,1,-0.004583,0.200766,-0.979628,-0.141476,0.169476,-0.975327,-0.075,0.187,80.0,11.1,470.2,0.145,0.088,-0.031,0.0,0.0,0.0,0.03,0.03,0.91,0.0,1.29,0.08,0.0,0.0,0.04,0.0,0.44,0.0,0.39,0.0,0.0,0.0,0.0,1.0,0.0,0.0,0.0,1.0,0.0,0.0,0.0,0.0,0.0,0.0,0.0,0.0,0.0,0.0
4,5,0.133,0.98,1,-0.002769,0.210059,-0.977685,-0.160573,0.210308,-0.964358,-0.084,0.213,79.5,10.7,468.1,0.146,0.091,-0.033,0.0,0.0,0.0,0.1,0.04,1.08,0.0,1.06,0.07,0.0,0.0,0.0,0.0,0.37,0.0,0.34,0.0,0.0,0.0,0.0,1.0,0.0,0.0,0.0,1.0,0.0,0.0,0.0,0.0,0.0,0.0,0.0,0.0,0.0,0.0
5,6,0.167,0.98,1,-0.021969,0.18372,-0.982733,-0.163424,0.211351,-0.963651,-0.095,0.2,79.4,10.6,468.8,0.144,0.091,-0.031,0.0,0.0,0.0,0.14,0.07,1.27,0.0,1.12,0.09,0.0,0.0,0.0,0.0,0.33,0.0,0.21,0.0,0.0,0.0,0.0,1.0,0.0,0.0,0.0,1.0,0.0,0.0,0.0,0.0,0.0,0.0,0.0,0.0,0.0,0.0
6,7,0.2,0.98,1,-0.033665,0.177736,-0.983502,-0.157742,0.212923,-0.964252,-0.098,0.198,79.1,10.5,468.2,0.139,0.093,-0.032,0.0,0.0,0.0,0.14,0.1,1.41,0.0,1.12,0.13,0.0,0.0,0.0,0.0,0.31,0.0,0.13,0.0,0.0,0.0,0.0,0.0,0.0,0.0,0.0,1.0,0.0,0.0,0.0,0.0,0.0,0.0,0.0,0.0,0.0,0.0
7,8,0.233,0.98,1,-0.018844,0.164284,-0.986233,-0.189664,0.173163,-0.966458,-0.106,0.171,78.3,10.2,466.2,0.132,0.097,-0.035,0.0,0.04,0.0,0.07,0.15,1.39,0.0,1.23,0.24,0.0,0.0,0.0,0.05,0.32,0.0,0.09,0.0,0.0,0.0,0.0,0.0,0.0,0.0,0.0,1.0,0.0,0.0,0.0,0.0,0.0,0.0,0.0,0.0,0.0,0.0
8,9,0.267,0.98,1,-0.045652,0.170331,-0.984329,-0.172183,0.176318,-0.969157,-0.111,0.176,77.8,10.0,464.3,0.136,0.097,-0.035,0.0,0.04,0.0,0.08,0.16,1.34,0.0,1.18,0.24,0.0,0.03,0.0,0.05,0.29,0.0,0.07,0.0,0.0,0.0,0.0,0.0,0.0,0.0,0.0,1.0,0.0,0.0,0.0,0.0,0.0,0.0,0.0,0.0,0.0,0.0
9,10,0.3,0.98,1,-0.045589,0.184209,-0.981829,-0.161546,0.185518,-0.969271,-0.106,0.187,77.3,9.9,463.3,0.127,0.105,-0.038,0.0,0.04,0.0,0.08,0.12,1.2,0.0,1.05,0.23,0.0,0.06,0.0,0.05,0.26,0.0,0.04,0.0,0.0,0.0,0.0,0.0,0.0,0.0,0.0,1.0,0.0,0.0,0.0,0.0,0.0,0.0,0.0,0.0,0.0,0.0
10,11,0.333,0.98,1,-0.056895,0.177475,-0.982479,-0.180191,0.172307,-0.968422,-0.121,0.177,77.0,9.4,462.0,0.121,0.109,-0.038,0.0,0.0,0.0,0.08,0.1,1.16,0.0,1.01,0.19,0.0,0.09,0.08,0.13,0.31,0.0,0.02,0.0,0.0,0.0,0.0,0.0,0.0,0.0,0.0,1.0,0.0,0.0,0.0,0.0,0.0,0.0,0.0,0.0,0.0,0.0
11,12,0.367,0.98,1,-0.055018,0.165849,-0.984615,-0.182826,0.177095,-0.967064,-0.121,0.174,76.7,9.0,461.2,0.125,0.115,-0.04,0.0,0.0,0.0,0.02,0.06,1.0,0.0,0.92,0.21,0.0,0.06,0.08,0.13,0.35,0.0,0.02,0.0,0.0,0.0,0.0,0.0,0.0,0.0,0.0,1.0,0.0,0.0,0.0,0.0,0.0,0.0,0.0,0.0,0.0,0.0
12,13,0.4,0.98,1,-0.049192,0.168268,-0.984513,-0.179049,0.181001,-0.967047,-0.116,0.177,76.4,9.0,459.6,0.12,0.112,-0.04,0.0,0.0,0.0,0.02,0.09,1.07,0.0,0.99,0.19,0.0,0.08,0.15,0.13,0.31,0.0,0.06,0.0,0.0,0.0,0.0,0.0,0.0,0.0,0.0,1.0,0.0,0.0,0.0,0.0,0.0,0.0,0.0,0.0,0.0,0.0
13,14,0.433,0.98,1,-0.073657,0.15759,-0.984754,-0.184826,0.168285,-0.968256,-0.132,0.165,75.9,8.7,456.9,0.117,0.117,-0.038,0.0,0.0,0.0,0.0,0.05,0.96,0.0,0.97,0.12,0.0,0.2,0.16,0.04,0.2,0.0,0.15,0.0,0.0,0.0,0.0,0.0,0.0,0.0,0.0,1.0,0.0,0.0,1.0,0.0,0.0,0.0,0.0,0.0,0.0,0.0
14,15,0.467,0.98,1,-0.054346,0.170413,-0.983873,-0.15507,0.185018,-0.970424,-0.107,0.18,75.6,8.6,453.8,0.123,0.117,-0.039,0.0,0.0,0.0,0.01,0.13,1.09,0.0,1.05,0.07,0.0,0.33,0.2,0.04,0.13,0.0,0.28,0.0,0.0,0.0,0.0,0.0,0.0,0.0,0.0,1.0,0.0,0.0,1.0,0.0,0.0,0.0,0.0,0.0,0.0,0.0
15,16,0.5,0.98,1,-0.053703,0.17583,-0.982955,-0.16236,0.184276,-0.969372,-0.11,0.182,75.4,8.9,452.0,0.119,0.115,-0.035,0.0,0.0,0.0,0.01,0.13,1.02,0.0,1.12,0.04,0.0,0.45,0.15,0.04,0.06,0.0,0.35,0.0,0.0,0.0,0.0,0.0,0.0,0.0,0.0,1.0,0.0,0.0,1.0,0.0,0.0,0.0,0.0,0.0,0.0,0.0
16,17,0.533,0.98,1,-0.063197,0.168471,-0.983679,-0.189143,0.179726,-0.965362,-0.129,0.177,75.3,8.8,451.2,0.116,0.117,-0.032,0.0,0.0,0.0,0.01,0.18,1.18,0.0,1.15,0.03,0.0,0.59,0.11,0.08,0.03,0.0,0.36,0.0,0.0,0.0,0.0,0.0,0.0,0.0,0.0,1.0,0.0,0.0,1.0,0.0,0.0,0.0,0.0,0.0,0.0,0.0
17,18,0.567,0.98,1,-0.058482,0.174924,-0.982844,-0.184598,0.187473,-0.964768,-0.124,0.184,75.6,8.8,451.4,0.123,0.119,-0.032,0.0,0.0,0.0,0.03,0.15,1.24,0.0,0.96,0.03,0.0,0.6,0.25,0.08,0.09,0.0,0.24,0.0,0.0,0.0,0.0,0.0,0.0,0.0,0.0,0.0,0.0,0.0,1.0,0.0,0.0,0.0,0.0,0.0,0.0,0.0
18,19,0.6,0.98,1,-0.030262,0.164657,-0.985887,-0.176007,0.163644,-0.970691,-0.105,0.166,76.0,9.2,449.3,0.108,0.121,-0.022,0.0,0.0,0.0,0.04,0.13,1.33,0.0,0.79,0.05,0.0,0.49,0.4,0.08,0.19,0.0,0.12,0.0,0.0,0.0,0.0,0.0,0.0,0.0,0.0,0.0,0.0,0.0,0.0,0.0,0.0,0.0,0.0,0.0,0.0,0.0
19,20,0.633,0.98,1,-0.027445,0.159308,-0.986847,-0.175922,0.161506,-0.971065,-0.103,0.162,76.1,9.2,449.8,0.101,0.121,-0.019,0.0,0.0,0.0,0.04,0.12,1.3,0.0,0.74,0.05,0.0,0.31,0.49,0.0,0.27,0.0,0.0,0.0,0.0,0.0,0.0,0.0,0.0,0.0,0.0,0.0,0.0,0.0,0.0,0.0,0.0,0.0,0.0,0.0,0.0,0.0
20,21,0.667,0.98,1,-0.027016,0.152064,-0.988001,-0.187539,0.167733,-0.96783,-0.109,0.162,76.3,9.3,450.4,0.103,0.12,-0.019,0.0,0.0,0.0,0.02,0.21,1.29,0.0,0.87,0.07,0.0,0.26,0.42,0.02,0.21,0.0,0.0,0.0,0.0,0.0,0.0,0.0,0.0,0.0,0.0,0.0,0.0,0.0,0.0,0.0,0.0,0.0,0.0,0.0,0.0,0.0
21,22,0.7,0.98,1,-0.008266,0.162138,-0.986733,-0.173,0.167146,-0.970636,-0.092,0.167,76.8,9.6,448.9,0.098,0.114,-0.02,0.0,0.0,0.0,0.0,0.28,1.42,0.0,0.87,0.07,0.0,0.25,0.32,0.04,0.15,0.0,0.0,0.0,0.0,0.0,0.0,0.0,0.0,0.0,0.0,0.0,0.0,0.0,0.0,0.0,0.0,0.0,0.0,0.0,0.0,0.0
22,23,0.733,0.98,1,-0.010945,0.143595,-0.989576,-0.170058,0.154147,-0.973303,-0.092,0.151,76.9,10.0,447.8,0.099,0.114,-0.022,0.0,0.0,0.0,0.08,0.34,1.55,0.0,0.94,0.15,0.0,0.21,0.27,0.04,0.07,0.0,0.0,0.0,0.0,0.0,0.0,0.0,0.0,0.0,0.0,0.0,0.0,0.0,0.0,0.0,0.0,0.0,0.0,0.0,0.0,0.0
23,24,0.767,0.98,1,-0.025919,0.150418,-0.988283,-0.178631,0.172961,-0.968595,-0.104,0.164,77.3,10.3,448.3,0.117,0.118,-0.027,0.0,0.0,0.0,0.08,0.33,1.66,0.0,0.91,0.12,0.0,0.26,0.19,0.02,0.04,0.0,0.0,0.0,0.0,0.0,0.0,0.0,0.0,0.0,0.0,0.0,0.0,0.0,0.0,0.0,0.0,0.0,0.0,0.0,0.0,0.0
24,25,0.8,0.98,1,-0.008073,0.145892,-0.989268,-0.179512,0.182563,-0.966668,-0.096,0.166,77.4,10.4,448.1,0.115,0.117,-0.024,0.0,0.0,0.0,0.08,0.32,1.66,0.0,0.86,0.17,0.0,0.33,0.23,0.0,0.0,0.0,0.0,0.0,0.0,0.0,0.0,0.0,0.0,0.0,0.0,1.0,0.0,0.0,0.0,0.0,0.0,0.0,0.0,0.0,0.0,0.0
25,26,0.833,0.98,1,-0.01249,0.154891,-0.987853,-0.169329,0.173716,-0.970129,-0.093,0.166,77.5,10.4,445.9,0.11,0.112,-0.024,0.0,0.0,0.0,0.0,0.31,1.72,0.0,0.85,0.14,0.0,0.35,0.17,0.0,0.0,0.0,0.0,0.0,0.0,0.0,0.0,0.0,0.0,0.0,0.0,1.0,0.0,0.0,0.0,0.0,0.0,0.0,0.0,0.0,0.0,0.0
26,27,0.867,0.98,1,-0.021053,0.163332,-0.986347,-0.171132,0.191177,-0.966522,-0.098,0.18,77.6,10.3,445.2,0.12,0.114,-0.028,0.0,0.0,0.0,0.0,0.29,1.8,0.0,0.92,0.13,0.0,0.36,0.14,0.0,0.0,0.07,0.0,0.0,0.0,0.0,0.0,0.0,0.0,0.0,0.0,1.0,0.0,0.0,0.0,0.0,0.0,0.0,0.0,0.0,0.0,0.0
27,28,0.9,0.98,1,-0.003606,0.160375,-0.98705,-0.181287,0.199836,-0.962913,-0.095,0.183,77.9,10.2,445.7,0.11,0.112,-0.027,0.0,0.0,0.0,0.0,0.3,1.94,0.0,1.05,0.06,0.0,0.33,0.09,0.0,0.0,0.08,0.0,0.0,0.0,0.0,0.0,0.0,0.0,0.0,0.0,1.0,0.0,0.0,0.0,0.0,0.0,0.0,0.0,0.0,0.0,0.0
28,29,0.933,0.98,1,0.000543,0.166887,-0.985976,-0.172863,0.191599,-0.96613,-0.088,0.182,77.8,10.0,445.0,0.107,0.106,-0.023,0.0,0.0,0.02,0.0,0.3,1.9,0.0,1.09,0.03,0.0,0.33,0.11,0.0,0.0,0.1,0.0,0.0,0.0,0.0,0.0,0.0,0.0,0.0,0.0,1.0,0.0,0.0,0.0,0.0,0.0,0.0,0.0,0.0,0.0,0.0
29,30,0.967,0.98,1,0.003109,0.168873,-0.985633,-0.174661,0.19638,-0.964846,-0.088,0.185,78.0,9.9,445.9,0.109,0.107,-0.023,0.0,0.0,0.04,0.0,0.31,1.79,0.0,1.14,0.06,0.0,0.47,0.2,0.0,0.0,0.16,0.08,0.0,0.0,0.0,0.0,0.0,0.0,0.0,0.0,1.0,0.0,0.0,0.0,0.0,0.0,0.0,0.0,0.0,0.0,0.0
30,31,1.0,0.98,1,0.007509,0.172796,-0.984929,-0.172997,0.202101,-0.963964,-0.085,0.19,78.1,10.0,445.7,0.107,0.108,-0.023,0.0,0.0,0.04,0.0,0.25,1.73,0.0,1.23,0.08,0.0,0.65,0.31,0.0,0.0,0.31,0.18,0.0,0.0,0.0,0.0,0.0,0.0,0.0,0.0,1.0,0.0,0.0,0.0,0.0,0.0,0.0,0.0,0.0,0.0,0.0
31,32,1.033,0.98,1,0.010849,0.164006,-0.9864,-0.17017,0.181753,-0.968508,-0.081,0.175,78.2,10.2,445.5,0.103,0.104,-0.023,0.0,0.0,0.04,0.0,0.2,1.62,0.0,1.22,0.07,0.0,0.7,0.4,0.0,0.0,0.38,0.43,0.0,0.0,0.0,0.0,0.0,0.0,0.0,0.0,1.0,0.0,0.0,1.0,0.0,0.0,0.0,0.0,0.0,0.0,0.0
32,33,1.067,0.98,1,0.006791,0.17688,-0.984209,-0.168984,0.192737,-0.96659,-0.083,0.187,78.2,10.4,445.6,0.117,0.104,-0.025,0.0,0.0,0.02,0.0,0.18,1.46,0.0,1.23,0.06,0.0,0.63,0.42,0.0,0.0,0.43,0.59,0.0,0.0,0.0,0.0,0.0,0.0,0.0,0.0,1.0,0.0,0.0,1.0,0.0,0.0,0.0,0.0,0.0,0.0,0.0
33,34,1.1,0.98,1,0.008705,0.171142,-0.985208,-0.172371,0.186723,-0.967172,-0.084,0.181,78.3,10.5,446.1,0.113,0.1,-0.023,0.0,0.0,0.02,0.02,0.23,1.41,0.0,1.16,0.04,0.0,0.53,0.33,0.0,0.0,0.45,0.64,0.0,0.0,0.0,0.0,0.0,0.0,0.0,0.0,1.0,0.0,0.0,1.0,0.0,0.0,0.0,0.0,0.0,0.0,0.0
34,35,1.133,0.98,1,-0.006213,0.177981,-0.984014,-0.16511,0.180351,-0.969645,-0.087,0.181,78.1,10.5,446.0,0.103,0.099,-0.022,0.0,0.0,0.14,0.02,0.26,1.42,0.0,1.3,0.05,0.0,0.49,0.23,0.0,0.0,0.55,0.57,0.0,0.0,0.0,0.0,0.0,0.0,0.0,0.0,1.0,0.0,0.0,1.0,0.0,0.0,0.0,0.0,0.0,0.0,0.0
35,36,1.167,0.98,1,-0.033385,0.1878,-0.98164,-0.166226,0.182809,-0.968994,-0.102,0.188,77.6,10.4,445.1,0.109,0.099,-0.026,0.0,0.0,0.18,0.02,0.3,1.65,0.0,1.32,0.05,0.0,0.46,0.19,0.0,0.0,0.52,0.53,0.0,0.0,0.0,0.0,0.0,0.0,0.0,0.0,1.0,0.0,0.0,0.0,0.0,0.0,0.0,0.0,0.0,0.0,0.0
36,37,1.2,0.98,1,-0.017591,0.174988,-0.984413,-0.213248,0.181748,-0.959944,-0.118,0.181,77.5,10.5,447.3,0.109,0.106,-0.027,0.0,0.0,0.18,0.0,0.33,1.71,0.0,1.32,0.09,0.0,0.49,0.24,0.0,0.0,0.42,0.5,0.0,0.0,0.0,0.0,0.0,0.0,0.0,0.0,1.0,0.0,0.0,1.0,0.0,0.0,0.0,0.0,0.0,0.0,0.0
37,38,1.233,0.98,1,-0.017594,0.164764,-0.986176,-0.199364,0.188647,-0.961596,-0.111,0.179,77.1,10.4,447.0,0.105,0.109,-0.03,0.0,0.0,0.08,0.0,0.34,1.66,0.0,1.27,0.11,0.0,0.49,0.37,0.0,0.0,0.33,0.49,0.0,0.0,0.0,0.0,0.0,0.0,0.0,0.0,1.0,0.0,0.0,0.0,0.0,0.0,0.0,0.0,0.0,0.0,0.0
38,39,1.267,0.98,1,-0.034471,0.177503,-0.983516,-0.221616,0.213173,-0.951548,-0.132,0.199,76.9,10.3,446.9,0.114,0.113,-0.037,0.0,0.0,0.14,0.0,0.34,1.49,0.0,1.27,0.16,0.0,0.51,0.45,0.0,0.0,0.32,0.5,0.0,0.0,0.0,0.0,0.0,0.0,0.0,0.0,1.0,0.0,0.0,0.0,0.0,0.0,0.0,0.0,0.0,0.0,0.0
39,40,1.3,0.98,1,-0.027762,0.179437,-0.983378,-0.23851,0.211334,-0.947867,-0.137,0.2,76.9,10.4,448.5,0.112,0.107,-0.038,0.0,0.0,0.14,0.0,0.32,1.34,0.0,1.18,0.17,0.0,0.45,0.42,0.0,0.0,0.36,0.55,0.0,0.0,0.0,0.0,0.0,0.0,0.0,0.0,1.0,0.0,0.0,0.0,0.0,0.0,0.0,0.0,0.0,0.0,0.0
40,41,1.333,0.98,1,-0.055045,0.182037,-0.98175,-0.206763,0.191157,-0.959535,-0.134,0.19,76.6,10.3,448.1,0.105,0.114,-0.039,0.0,0.0,0.1,0.0,0.32,1.38,0.0,1.04,0.17,0.0,0.56,0.34,0.0,0.0,0.49,0.7,0.0,0.0,0.0,0.0,0.0,0.0,0.0,0.0,1.0,0.0,0.0,0.0,0.0,0.0,0.0,0.0,0.0,0.0,0.0
41,42,1.367,0.98,1,-0.049971,0.175751,-0.983166,-0.187734,0.189709,-0.963726,-0.121,0.186,76.5,10.2,447.5,0.111,0.118,-0.044,0.0,0.0,0.01,0.0,0.31,1.4,0.0,0.95,0.17,0.0,0.53,0.25,0.0,0.0,0.64,0.87,0.0,0.0,0.0,0.0,0.0,0.0,0.0,0.0,1.0,0.0,0.0,1.0,0.0,0.0,0.0,0.0,0.0,0.0,0.0
42,43,1.4,0.98,1,-0.042298,0.168018,-0.984876,-0.191835,0.18757,-0.963336,-0.12,0.181,76.5,10.2,448.2,0.103,0.118,-0.043,0.0,0.0,0.01,0.0,0.32,1.35,0.0,1.03,0.21,0.0,0.59,0.21,0.0,0.0,0.8,1.03,0.0,0.0,0.0,0.0,0.0,0.0,0.0,0.0,1.0,0.0,0.0,1.0,0.0,0.0,0.0,0.0,0.0,0.0,0.0
43,44,1.433,0.98,1,-0.038165,0.166921,-0.985231,-0.193523,0.18916,-0.962688,-0.118,0.181,76.6,10.2,448.3,0.103,0.118,-0.044,0.0,0.0,0.02,0.0,0.38,1.36,0.0,1.14,0.23,0.0,0.54,0.18,0.0,0.0,0.98,1.11,0.0,0.0,0.0,0.0,0.0,0.0,0.0,0.0,1.0,0.0,0.0,0.0,0.0,0.0,0.0,1.0,0.0,0.0,0.0
44,45,1.467,0.98,1,-0.02982,0.163602,-0.986076,-0.18791,0.190493,-0.963536,-0.111,0.18,77.0,10.0,449.4,0.1,0.119,-0.044,0.0,0.0,0.02,0.09,0.41,1.55,0.0,1.2,0.25,0.0,0.54,0.14,0.0,0.0,1.04,1.14,0.0,0.0,0.0,0.0,0.0,0.0,0.0,0.0,1.0,0.0,0.0,1.0,0.0,0.0,0.0,1.0,0.0,0.0,0.0
45,46,1.5,0.98,1,-0.030968,0.167659,-0.985358,-0.186873,0.185858,-0.964643,-0.111,0.179,77.1,10.1,449.6,0.101,0.118,-0.044,0.0,0.0,0.02,0.09,0.43,1.49,0.0,1.36,0.21,0.0,0.45,0.21,0.0,0.0,1.14,1.23,0.0,0.0,0.0,0.0,0.0,0.0,0.0,0.0,1.0,0.0,0.0,0.0,0.0,0.0,0.0,1.0,0.0,0.0,0.0
46,47,1.533,0.98,1,-0.037157,0.16683,-0.985285,-0.206134,0.178395,-0.962125,-0.124,0.175,77.2,10.1,449.6,0.1,0.121,-0.045,0.0,0.0,0.0,0.09,0.39,1.58,0.0,1.37,0.19,0.0,0.48,0.31,0.0,0.0,1.05,1.28,0.0,0.0,0.0,0.0,0.0,0.0,0.0,0.0,1.0,0.0,0.0,0.0,0.0,0.0,0.0,1.0,1.0,0.0,0.0
47,48,1.567,0.98,1,-0.035612,0.173759,-0.984144,-0.199663,0.19395,-0.960478,-0.12,0.187,77.5,10.0,450.5,0.109,0.123,-0.048,0.0,0.0,0.0,0.0,0.34,1.42,0.0,1.42,0.14,0.0,0.47,0.38,0.0,0.0,0.99,1.35,0.0,0.0,0.0,0.0,0.0,0.0,0.0,0.0,1.0,0.0,0.0,0.0,0.0,0.0,0.0,1.0,1.0,0.0,0.0
48,49,1.6,0.98,1,-0.043547,0.166355,-0.985104,-0.202308,0.188038,-0.9611,-0.126,0.18,77.6,10.1,450.9,0.103,0.12,-0.046,0.0,0.0,0.0,0.0,0.36,1.54,0.0,1.43,0.14,0.0,0.55,0.36,0.0,0.0,0.92,1.3,0.0,0.0,0.0,0.0,0.0,0.0,0.0,0.0,1.0,0.0,0.0,0.0,0.0,0.0,0.0,1.0,1.0,0.0,0.0
49,50,1.633,0.98,1,-0.04742,0.171548,-0.984034,-0.194657,0.17959,-0.96429,-0.124,0.178,77.6,10.1,451.2,0.101,0.122,-0.045,0.02,0.0,0.06,0.0,0.41,1.46,0.0,1.51,0.17,0.0,0.63,0.34,0.0,0.0,0.9,1.25,0.0,0.0,0.0,0.0,0.0,0.0,0.0,0.0,1.0,0.0,0.0,1.0,0.0,0.0,0.0,1.0,1.0,0.0,0.0
50,51,1.667,0.98,1,-0.04156,0.174339,-0.983808,-0.194934,0.187722,-0.962684,-0.121,0.184,77.7,10.1,451.5,0.103,0.125,-0.048,0.02,0.0,0.06,0.0,0.46,1.41,0.0,1.48,0.17,0.0,0.65,0.39,0.0,0.0,0.87,1.26,0.0,0.0,0.0,0.0,0.0,0.0,0.0,0.0,1.0,0.0,0.0,1.0,0.0,0.0,0.0,1.0,1.0,0.0,0.0
51,52,1.7,0.98,1,-0.038053,0.182054,-0.982552,-0.215636,0.176724,-0.960349,-0.13,0.183,77.7,10.3,452.2,0.096,0.128,-0.049,0.02,0.0,0.06,0.0,0.49,1.37,0.0,1.44,0.2,0.0,0.68,0.49,0.0,0.0,0.8,1.37,0.0,0.0,0.0,0.0,0.0,0.0,0.0,0.0,1.0,0.0,0.0,1.0,0.0,0.0,0.0,1.0,1.0,0.0,0.0
52,53,1.733,0.98,1,-0.037523,0.177407,-0.983422,-0.208619,0.161719,-0.964534,-0.126,0.172,77.5,10.5,451.9,0.096,0.131,-0.05,0.03,0.0,0.03,0.0,0.48,1.48,0.0,1.45,0.2,0.0,0.59,0.52,0.0,0.0,0.69,1.54,0.0,0.0,0.0,0.0,0.0,0.0,0.0,0.0,1.0,0.0,0.0,1.0,0.0,0.0,0.0,1.0,1.0,0.0,0.0
53,54,1.767,0.98,1,-0.037545,0.176482,-0.983588,-0.211808,0.189317,-0.958799,-0.128,0.186,77.4,11.0,450.6,0.098,0.134,-0.051,0.03,0.0,0.08,0.0,0.51,1.44,0.0,1.51,0.22,0.0,0.51,0.43,0.12,0.0,0.79,1.58,0.0,0.0,0.0,0.0,0.0,0.0,0.0,0.0,1.0,0.0,0.0,1.0,0.0,0.0,0.0,1.0,1.0,0.0,0.0
54,55,1.8,0.98,1,-0.045851,0.183635,-0.981925,-0.220585,0.183767,-0.9579,-0.136,0.187,77.7,12.0,452.5,0.107,0.141,-0.056,0.03,0.0,0.09,0.0,0.51,1.55,0.0,1.61,0.25,0.0,0.38,0.39,0.17,0.0,0.68,1.51,0.0,0.0,0.0,0.0,0.0,0.0,0.0,0.0,1.0,0.0,0.0,1.0,0.0,0.0,0.0,1.0,1.0,0.0,0.0
55,56,1.833,0.98,1,-0.044188,0.185157,-0.981715,-0.203499,0.188824,-0.960694,-0.127,0.19,77.6,12.5,452.6,0.119,0.146,-0.057,0.0,0.0,0.06,0.0,0.51,1.52,0.0,1.63,0.31,0.0,0.27,0.31,0.25,0.04,0.7,1.32,0.0,0.0,0.0,0.0,0.0,0.0,0.0,0.0,1.0,0.0,0.0,1.0,0.0,0.0,0.0,1.0,1.0,0.0,0.0
56,57,1.867,0.98,1,-0.053061,0.183827,-0.981525,-0.208928,0.203352,-0.956555,-0.134,0.197,77.7,12.6,453.4,0.127,0.153,-0.059,0.0,0.0,0.01,0.05,0.53,1.66,0.0,1.64,0.46,0.0,0.16,0.27,0.18,0.09,0.65,1.01,0.0,0.0,0.0,0.0,0.0,0.0,0.0,0.0,1.0,0.0,0.0,1.0,0.0,0.0,0.0,1.0,1.0,0.0,0.0
57,58,1.9,0.98,1,-0.047572,0.186202,-0.981359,-0.219948,0.214925,-0.951541,-0.138,0.205,78.3,12.4,456.4,0.133,0.16,-0.064,0.0,0.0,0.0,0.07,0.57,1.48,0.0,1.6,0.61,0.0,0.07,0.14,0.13,0.19,0.79,0.62,0.0,0.0,0.0,0.0,0.0,0.0,0.0,0.0,1.0,0.0,0.0,1.0,0.0,0.0,0.0,1.0,0.0,0.0,0.0
58,59,1.933,0.98,1,-0.048363,0.189606,-0.980668,-0.210995,0.223617,-0.951565,-0.133,0.211,78.6,12.0,457.7,0.148,0.162,-0.07,0.0,0.0,0.0,0.07,0.62,1.45,0.0,1.7,0.7,0.0,0.0,0.06,0.05,0.22,0.72,0.23,0.0,0.0,0.0,0.0,0.0,0.0,0.0,0.0,1.0,1.0,0.0,1.0,0.0,0.0,0.0,1.0,0.0,0.0,0.0
59,60,1.967,0.98,1,-0.059947,0.180273,-0.981788,-0.20152,0.221948,-0.954007,-0.134,0.205,79.2,11.8,460.5,0.162,0.168,-0.079,0.0,0.0,0.0,0.02,0.62,1.29,0.0,1.78,0.64,0.0,0.0,0.12,0.02,0.18,0.6,0.07,0.0,0.0,0.0,0.0,0.0,0.0,0.0,0.0,1.0,1.0,0.0,1.0,0.0,0.0,0.0,1.0,0.0,0.0,0.0
60,61,2.0,0.98,1,-0.055721,0.19383,-0.979451,-0.207716,0.227774,-0.951301,-0.136,0.215,79.5,11.4,461.8,0.15,0.17,-0.077,0.0,0.0,0.0,0.1,0.63,1.31,0.02,1.75,0.56,0.0,0.0,0.08,0.02,0.08,0.52,0.03,0.0,0.0,0.0,0.0,0.0,0.0,0.0,0.0,1.0,1.0,0.0,0.0,0.0,0.0,0.0,1.0,0.0,0.0,0.0
61,62,2.033,0.98,1,-0.0581,0.195549,-0.978971,-0.231347,0.216589,-0.948455,-0.149,0.211,79.8,11.2,462.2,0.151,0.171,-0.08,0.0,0.0,0.0,0.15,0.54,1.27,0.02,1.41,0.45,0.0,0.0,0.06,0.02,0.02,0.58,0.03,0.0,0.0,0.0,0.0,0.0,0.0,0.0,0.0,1.0,0.0,0.0,0.0,0.0,0.0,0.0,1.0,0.0,0.0,0.0
62,63,2.067,0.98,1,-0.062524,0.197483,-0.97831,-0.234861,0.207967,-0.949521,-0.153,0.207,80.0,11.1,462.1,0.155,0.169,-0.084,0.0,0.0,0.0,0.29,0.43,1.36,0.02,1.27,0.39,0.0,0.0,0.0,0.0,0.0,0.68,0.0,0.0,0.0,0.0,0.0,0.0,0.0,0.0,0.0,1.0,0.0,0.0,0.0,0.0,0.0,0.0,1.0,0.0,0.0,0.0
63,64,2.1,0.98,1,-0.056468,0.206258,-0.976867,-0.234061,0.205733,-0.950205,-0.15,0.211,80.1,11.0,462.4,0.154,0.169,-0.081,0.0,0.0,0.0,0.29,0.26,1.4,0.0,1.17,0.3,0.0,0.08,0.0,0.0,0.0,0.78,0.0,0.0,0.0,0.0,0.0,0.0,0.0,0.0,0.0,1.0,0.0,0.0,0.0,0.0,0.0,0.0,1.0,0.0,0.0,0.0
64,65,2.133,0.98,1,-0.07046,0.196329,-0.978003,-0.238489,0.210971,-0.947953,-0.159,0.208,79.9,10.7,462.6,0.152,0.174,-0.08,0.0,0.0,0.0,0.24,0.18,1.33,0.0,1.17,0.25,0.0,0.19,0.0,0.0,0.0,0.72,0.0,0.0,0.0,0.0,0.0,0.0,0.0,0.0,0.0,1.0,0.0,0.0,0.0,0.0,0.0,0.0,1.0,0.0,0.0,0.0
65,66,2.167,0.98,1,-0.070183,0.201543,-0.976962,-0.248847,0.212487,-0.944947,-0.164,0.212,80.1,10.7,464.1,0.158,0.178,-0.078,0.0,0.0,0.0,0.09,0.21,1.31,0.0,1.09,0.23,0.0,0.24,0.0,0.0,0.0,0.71,0.0,0.0,0.0,0.0,0.0,0.0,0.0,0.0,0.0,1.0,0.0,0.0,0.0,0.0,0.0,0.0,1.0,0.0,0.0,0.0
66,67,2.2,0.98,1,-0.076635,0.187265,-0.979316,-0.256636,0.207803,-0.943905,-0.172,0.203,80.2,10.7,465.6,0.159,0.185,-0.076,0.0,0.0,0.0,0.0,0.18,1.31,0.01,1.07,0.21,0.0,0.31,0.0,0.0,0.0,0.63,0.0,0.0,0.0,0.0,0.0,0.0,0.0,0.0,0.0,1.0,0.0,0.0,0.0,0.0,0.0,0.0,1.0,0.0,0.0,0.0
67,68,2.233,0.98,1,-0.071379,0.184222,-0.980289,-0.248961,0.18771,-0.950149,-0.164,0.19,80.5,10.4,466.1,0.151,0.183,-0.079,0.01,0.0,0.0,0.01,0.21,1.37,0.01,1.1,0.23,0.0,0.38,0.0,0.0,0.0,0.73,0.0,0.0,0.0,0.0,0.0,0.0,0.0,0.0,0.0,1.0,0.0,0.0,0.0,0.0,0.0,0.0,1.0,0.0,0.0,0.0
68,69,2.267,0.98,1,-0.069041,0.183361,-0.980618,-0.270247,0.180934,-0.945637,-0.174,0.187,80.5,10.1,465.3,0.149,0.181,-0.076,0.01,0.0,0.0,0.11,0.18,1.35,0.01,1.02,0.23,0.0,0.43,0.0,0.0,0.0,0.63,0.02,0.0,0.0,0.0,0.0,0.0,0.0,0.0,0.0,1.0,0.0,0.0,0.0,0.0,0.0,0.0,1.0,0.0,0.0,0.0
69,70,2.3,0.98,1,-0.067074,0.176977,-0.981927,-0.277738,0.204007,-0.938745,-0.178,0.196,81.0,10.2,468.5,0.153,0.182,-0.074,0.01,0.0,0.0,0.14,0.21,1.28,0.02,0.98,0.25,0.0,0.28,0.0,0.0,0.0,0.7,0.02,0.0,0.0,0.0,0.0,0.0,0.0,0.0,0.0,1.0,0.0,0.0,0.0,0.0,0.0,0.0,1.0,0.0,0.0,0.0
70,71,2.333,0.98,1,-0.069476,0.167712,-0.983385,-0.262893,0.180309,-0.947827,-0.17,0.178,81.1,9.9,469.4,0.143,0.183,-0.074,0.01,0.0,0.0,0.14,0.24,1.24,0.02,0.96,0.27,0.0,0.13,0.0,0.0,0.0,0.6,0.02,0.0,0.0,0.0,0.0,0.0,0.0,0.0,0.0,1.0,0.0,0.0,0.0,0.0,0.0,0.0,1.0,0.0,0.0,0.0
71,72,2.367,0.98,1,-0.085629,0.190276,-0.977989,-0.251058,0.173842,-0.952234,-0.173,0.186,81.0,9.4,469.3,0.154,0.184,-0.079,0.01,0.0,0.04,0.04,0.3,1.28,0.02,1.01,0.29,0.0,0.07,0.0,0.01,0.0,0.65,0.0,0.0,0.0,0.0,0.0,0.0,0.0,0.0,0.0,1.0,0.0,0.0,0.0,0.0,0.0,0.0,1.0,0.0,0.0,0.0
72,73,2.4,0.98,1,-0.083939,0.19194,-0.977811,-0.241605,0.192366,-0.951116,-0.167,0.197,81.0,9.4,470.1,0.151,0.183,-0.078,0.01,0.0,0.04,0.01,0.38,1.26,0.02,1.06,0.31,0.0,0.13,0.0,0.01,0.0,0.62,0.0,0.0,0.0,0.0,0.0,0.0,0.0,0.0,0.0,1.0,0.0,0.0,0.0,0.0,0.0,0.0,1.0,0.0,0.0,0.0
73,74,2.433,0.98,1,-0.076882,0.190675,-0.978638,-0.242842,0.192728,-0.950728,-0.164,0.196,81.2,9.4,470.2,0.151,0.176,-0.079,0.0,0.0,0.04,0.0,0.43,1.1,0.02,1.23,0.34,0.0,0.2,0.0,0.01,0.0,0.72,0.0,0.0,0.0,0.0,0.0,0.0,0.0,0.0,0.0,1.0,0.0,0.0,0.0,0.0,0.0,0.0,1.0,0.0,0.0,0.0
74,75,2.467,0.98,1,-0.08285,0.201387,-0.976002,-0.255771,0.188965,-0.948089,-0.174,0.2,81.2,8.5,470.8,0.144,0.178,-0.08,0.0,0.0,0.01,0.0,0.43,0.89,0.03,1.3,0.34,0.0,0.16,0.0,0.0,0.0,0.78,0.0,0.0,0.0,0.0,0.0,0.0,0.0,0.0,0.0,1.0,0.0,0.0,0.0,0.0,0.0,0.0,1.0,0.0,0.0,0.0
75,76,2.5,0.98,1,-0.083364,0.197147,-0.976823,-0.25093,0.184946,-0.950173,-0.172,0.196,81.2,7.9,471.3,0.135,0.184,-0.08,0.0,0.0,0.01,0.0,0.45,0.76,0.04,1.28,0.32,0.0,0.18,0.0,0.0,0.0,0.72,0.0,0.0,0.0,0.0,0.0,0.0,0.0,0.0,0.0,1.0,0.0,0.0,0.0,0.0,0.0,0.0,1.0,0.0,0.0,0.0
76,77,2.533,0.98,1,-0.073904,0.181825,-0.98055,-0.248384,0.177579,-0.952245,-0.165,0.184,81.7,7.6,472.1,0.128,0.179,-0.078,0.0,0.0,0.0,0.0,0.53,0.85,0.05,1.25,0.3,0.0,0.15,0.01,0.07,0.0,0.53,0.0,0.0,0.0,0.0,0.0,0.0,0.0,0.0,0.0,1.0,0.0,0.0,0.0,0.0,0.0,0.0,1.0,0.0,0.0,0.0
77,78,2.567,0.98,1,-0.092975,0.163672,-0.982124,-0.236344,0.189856,-0.952941,-0.169,0.181,81.8,7.1,472.8,0.115,0.181,-0.075,0.0,0.0,0.0,0.0,0.61,0.94,0.07,1.27,0.32,0.0,0.21,0.01,0.13,0.0,0.41,0.0,0.0,0.0,0.0,0.0,0.0,0.0,0.0,0.0,1.0,0.0,0.0,0.0,0.0,0.0,0.0,1.0,0.0,0.0,0.0
78,79,2.6,0.98,1,-0.088432,0.175436,-0.980511,-0.244142,0.195079,-0.949915,-0.171,0.19,82.1,6.1,473.9,0.115,0.182,-0.075,0.0,0.0,0.0,0.0,0.64,1.04,0.04,1.32,0.3,0.0,0.14,0.01,0.13,0.0,0.31,0.0,0.0,0.0,0.0,0.0,0.0,0.0,0.0,0.0,1.0,0.0,0.0,0.0,0.0,0.0,0.0,1.0,0.0,0.0,0.0
79,80,2.633,0.98,1,-0.094418,0.174709,-0.980083,-0.227515,0.199304,-0.95316,-0.165,0.191,82.0,6.2,473.9,0.113,0.182,-0.076,0.0,0.0,0.0,0.0,0.63,1.12,0.03,1.41,0.31,0.0,0.1,0.08,0.18,0.0,0.34,0.0,0.0,0.0,0.0,0.0,0.0,0.0,0.0,0.0,1.0,0.0,0.0,0.0,0.0,0.0,0.0,1.0,0.0,0.0,0.0
80,81,2.667,0.98,1,-0.091274,0.163214,-0.982359,-0.244662,0.194153,-0.949971,-0.172,0.183,81.9,6.2,474.5,0.116,0.179,-0.078,0.0,0.0,0.0,0.0,0.59,1.23,0.01,1.46,0.3,0.0,0.06,0.08,0.14,0.0,0.31,0.03,0.0,0.0,0.0,0.0,0.0,0.0,0.0,0.0,1.0,0.0,0.0,0.0,0.0,0.0,0.0,1.0,0.0,0.0,0.0
81,82,2.7,0.98,1,-0.085403,0.176302,-0.980624,-0.235412,0.189344,-0.953273,-0.164,0.187,81.9,5.7,475.9,0.12,0.172,-0.079,0.0,0.0,0.0,0.0,0.59,1.24,0.01,1.54,0.32,0.0,0.16,0.08,0.15,0.0,0.3,0.03,0.0,0.0,0.0,0.0,0.0,0.0,0.0,0.0,1.0,0.0,0.0,0.0,0.0,0.0,0.0,1.0,0.0,0.0,0.0
82,83,2.733,0.98,1,-0.075327,0.168884,-0.982753,-0.223476,0.194297,-0.955148,-0.153,0.185,82.0,5.8,477.7,0.116,0.171,-0.08,0.0,0.0,0.0,0.0,0.56,1.13,0.01,1.48,0.33,0.0,0.17,0.0,0.05,0.0,0.31,0.05,0.0,0.0,0.0,0.0,0.0,0.0,0.0,0.0,1.0,0.0,0.0,0.0,0.0,0.0,0.0,1.0,0.0,0.0,0.0
83,84,2.767,0.98,1,-0.075653,0.170499,-0.982449,-0.224689,0.193374,-0.95505,-0.154,0.186,82.0,5.9,478.8,0.119,0.17,-0.078,0.0,0.0,0.0,0.0,0.59,0.9,0.0,1.38,0.28,0.0,0.16,0.0,0.18,0.0,0.31,0.01,0.0,0.0,0.0,0.0,0.0,0.0,0.0,0.0,1.0,0.0,0.0,0.0,0.0,0.0,0.0,1.0,0.0,0.0,0.0
84,85,2.8,0.98,1,-0.090052,0.183863,-0.978818,-0.239666,0.185436,-0.952982,-0.169,0.189,82.2,4.9,480.7,0.12,0.173,-0.077,0.0,0.0,0.0,0.0,0.56,0.9,0.01,1.31,0.36,0.0,0.1,0.0,0.16,0.0,0.34,0.08,0.0,0.0,0.0,0.0,0.0,0.0,0.0,0.0,1.0,0.0,0.0,0.0,0.0,0.0,0.0,1.0,0.0,0.0,0.0
85,86,2.833,0.98,1,-0.103507,0.169573,-0.980067,-0.23412,0.180034,-0.955393,-0.173,0.179,82.6,4.1,481.8,0.113,0.171,-0.08,0.0,0.0,0.0,0.0,0.49,0.83,0.01,1.21,0.35,0.0,0.04,0.0,0.14,0.0,0.25,0.07,0.0,0.0,0.0,0.0,0.0,0.0,0.0,0.0,1.0,0.0,0.0,0.0,0.0,0.0,0.0,0.0,0.0,0.0,0.0
86,87,2.867,0.98,1,-0.09836,0.176405,-0.979391,-0.256568,0.182327,-0.949173,-0.182,0.184,83.4,2.9,484.0,0.103,0.165,-0.077,0.0,0.0,0.0,0.02,0.38,1.02,0.01,1.18,0.32,0.0,0.03,0.0,0.0,0.0,0.16,0.1,0.0,0.0,0.0,0.0,0.0,0.0,0.0,0.0,1.0,0.0,0.0,0.0,0.0,0.0,0.0,0.0,0.0,0.0,0.0
87,88,2.9,0.98,1,-0.085803,0.184704,-0.979041,-0.244282,0.178232,-0.953184,-0.169,0.186,84.0,1.1,486.2,0.103,0.167,-0.072,0.0,0.0,0.0,0.02,0.29,1.14,0.0,1.17,0.15,0.0,0.04,0.0,0.0,0.0,0.06,0.03,0.0,0.0,0.0,0.0,0.0,0.0,0.0,0.0,1.0,0.0,0.0,0.0,0.0,0.0,0.0,0.0,0.0,0.0,0.0
88,89,2.933,0.98,1,-0.09607,0.17264,-0.980289,-0.242986,0.183086,-0.952595,-0.174,0.182,84.1,-0.6,486.5,0.094,0.176,-0.066,0.0,0.0,0.0,0.02,0.19,1.2,0.0,1.18,0.04,0.0,0.06,0.08,0.0,0.0,0.14,0.07,0.0,0.0,0.0,0.0,0.0,0.0,0.0,0.0,1.0,0.0,0.0,0.0,0.0,0.0,0.0,0.0,0.0,0.0,0.0
89,90,2.967,0.98,1,-0.08636,0.15199,-0.984602,-0.263451,0.155666,-0.95203,-0.179,0.158,83.9,-2.3,485.7,0.079,0.176,-0.057,0.0,0.0,0.0,0.0,0.15,1.27,0.0,1.14,0.03,0.0,0.06,0.24,0.02,0.0,0.09,0.05,0.0,0.0,0.0,0.0,0.0,0.0,0.0,0.0,1.0,0.0,0.0,0.0,0.0,0.0,0.0,0.0,0.0,0.0,0.0
90,91,3.0,0.98,1,-0.099401,0.168939,-0.980601,-0.262897,0.1899,-0.945951,-0.186,0.184,83.9,-4.1,486.9,0.089,0.19,-0.054,0.0,0.0,0.0,0.0,0.16,1.12,0.0,1.06,0.06,0.0,0.02,0.26,0.02,0.0,0.12,0.05,0.0,0.0,0.0,0.0,0.0,0.0,0.0,0.0,1.0,0.0,0.0,0.0,0.0,0.0,0.0,0.0,0.0,0.0,0.0
91,92,3.033,0.98,1,-0.087022,0.160773,-0.983148,-0.247436,0.152602,-0.956811,-0.171,0.16,83.8,-5.9,486.3,0.079,0.199,-0.045,0.0,0.0,0.0,0.0,0.17,1.12,0.0,0.97,0.09,0.0,0.0,0.25,0.02,0.04,0.06,0.01,0.0,0.0,0.0,0.0,0.0,0.0,0.0,0.0,1.0,0.0,0.0,0.0,0.0,0.0,0.0,0.0,0.0,0.0,0.0
92,93,3.067,0.98,1,-0.090052,0.168345,-0.981606,-0.265627,0.152322,-0.951966,-0.182,0.164,83.9,-7.4,484.3,0.072,0.202,-0.043,0.02,0.0,0.03,0.0,0.23,1.03,0.0,1.01,0.13,0.0,0.0,0.2,0.0,0.04,0.06,0.0,0.0,0.0,0.0,0.0,0.0,0.0,0.0,0.0,1.0,0.0,0.0,0.0,0.0,0.0,0.0,0.0,0.0,0.0,0.0
93,94,3.1,0.98,1,-0.110697,0.179171,-0.97757,-0.259422,0.149518,-0.95412,-0.189,0.169,84.5,-8.8,486.4,0.072,0.211,-0.04,0.02,0.0,0.03,0.0,0.26,1.08,0.0,0.96,0.13,0.0,0.0,0.19,0.0,0.04,0.18,0.0,0.0,0.0,0.0,0.0,0.0,0.0,0.0,0.0,1.0,0.0,0.0,0.0,0.0,0.0,0.0,0.0,0.0,0.0,0.0
94,95,3.133,0.98,1,-0.080125,0.17143,-0.981933,-0.254212,0.135127,-0.957662,-0.171,0.157,84.7,-10.5,486.1,0.068,0.214,-0.04,0.02,0.0,0.03,0.0,0.27,1.05,0.0,0.97,0.1,0.0,0.0,0.16,0.0,0.0,0.17,0.0,0.0,0.0,0.0,0.0,0.0,0.0,0.0,0.0,1.0,0.0,0.0,0.0,0.0,0.0,0.0,0.0,0.0,0.0,0.0
95,96,3.167,0.98,1,-0.110636,0.169149,-0.979361,-0.251049,0.156692,-0.955208,-0.185,0.167,84.5,-11.7,484.3,0.064,0.218,-0.039,0.01,0.0,0.09,0.0,0.3,1.15,0.0,1.02,0.07,0.0,0.0,0.07,0.0,0.0,0.19,0.0,0.0,0.0,0.0,0.0,0.0,0.0,0.0,0.0,1.0,0.0,0.0,0.0,0.0,0.0,0.0,0.0,0.0,0.0,0.0
96,97,3.2,0.98,1,-0.127309,0.172317,-0.97678,-0.259886,0.150999,-0.95376,-0.198,0.166,84.7,-12.7,484.4,0.068,0.215,-0.036,0.01,0.0,0.22,0.0,0.35,1.28,0.0,1.13,0.06,0.0,0.0,0.1,0.0,0.0,0.2,0.0,0.0,0.0,0.0,0.0,0.0,0.0,0.0,0.0,1.0,0.0,0.0,0.0,0.0,0.0,0.0,0.0,0.0,0.0,0.0
97,98,3.233,0.98,1,-0.106587,0.181466,-0.977604,-0.250244,0.15368,-0.955908,-0.182,0.172,84.8,-13.5,484.0,0.068,0.221,-0.034,0.01,0.0,0.35,0.0,0.41,1.3,0.0,1.18,0.12,0.0,0.0,0.2,0.0,0.0,0.21,0.0,0.0,0.0,0.0,0.0,0.0,0.0,0.0,0.0,1.0,0.0,0.0,0.0,0.0,0.0,0.0,0.0,0.0,0.0,0.0
98,99,3.267,0.98,1,-0.129043,0.181542,-0.97488,-0.268676,0.16081,-0.949712,-0.204,0.176,84.8,-13.9,483.0,0.073,0.218,-0.035,0.0,0.0,0.42,0.0,0.33,1.15,0.0,1.09,0.13,0.0,0.0,0.21,0.0,0.05,0.3,0.05,0.0,0.0,0.0,0.0,0.0,0.0,0.0,0.0,1.0,0.0,0.0,0.0,0.0,0.0,0.0,0.0,0.0,0.0,0.0
99,100,3.3,0.98,1,-0.122364,0.196664,-0.972805,-0.260137,0.186265,-0.947436,-0.197,0.197,85.0,-14.5,484.1,0.078,0.214,-0.032,0.0,0.0,0.3,0.0,0.31,1.2,0.0,0.92,0.16,0.0,0.0,0.18,0.0,0.05,0.28,0.08,0.0,0.0,0.0,0.0,0.0,0.0,0.0,0.0,1.0,0.0,0.0,0.0,0.0,0.0,0.0,0.0,0.0,0.0,0.0
100,101,3.333,0.98,1,-0.113144,0.200989,-0.973037,-0.292413,0.175951,-0.939966,-0.209,0.195,85.2,-15.6,484.0,0.087,0.217,-0.043,0.0,0.0,0.17,0.0,0.3,1.38,0.0,0.91,0.15,0.0,0.0,0.22,0.0,0.1,0.34,0.09,0.0,0.0,0.0,0.0,0.0,0.0,0.0,0.0,1.0,0.0,0.0,0.0,0.0,0.0,0.0,0.0,0.0,0.0,0.0
101,102,3.367,0.98,1,-0.12641,0.196686,-0.972283,-0.258592,0.161784,-0.952342,-0.197,0.184,85.2,-16.0,482.5,0.077,0.209,-0.043,0.07,0.0,0.1,0.0,0.35,1.69,0.0,1.0,0.14,0.0,0.0,0.26,0.0,0.08,0.26,0.04,0.0,0.0,0.0,0.0,0.0,0.0,0.0,0.0,1.0,0.0,0.0,0.0,0.0,0.0,0.0,0.0,0.0,0.0,0.0
102,103,3.4,0.98,1,-0.1363,0.192965,-0.971693,-0.252686,0.167453,-0.952948,-0.199,0.185,85.5,-17.1,482.8,0.074,0.202,-0.048,0.11,0.0,0.17,0.0,0.42,1.69,0.0,1.19,0.19,0.0,0.0,0.26,0.0,0.07,0.45,0.02,0.01,0.0,0.0,0.0,0.0,0.0,0.0,0.0,1.0,0.0,0.0,0.0,0.0,0.0,0.0,0.0,0.0,0.0,0.0
103,104,3.433,0.98,1,-0.135608,0.192991,-0.971784,-0.269716,0.169698,-0.947869,-0.208,0.187,85.2,-18.0,483.3,0.082,0.207,-0.051,0.11,0.0,0.17,0.0,0.45,1.56,0.0,1.22,0.22,0.0,0.0,0.2,0.0,0.03,0.64,0.0,0.01,0.0,0.0,0.0,0.0,0.0,0.0,0.0,1.0,0.0,0.0,0.0,0.0,0.0,0.0,0.0,0.0,0.0,0.0
104,105,3.467,0.98,1,-0.124107,0.199216,-0.972065,-0.244563,0.189738,-0.950888,-0.189,0.2,84.5,-17.8,481.3,0.078,0.205,-0.056,0.11,0.0,0.18,0.0,0.52,1.43,0.0,1.17,0.25,0.0,0.0,0.26,0.0,0.0,0.74,0.0,0.01,0.0,0.0,0.0,0.0,0.0,0.0,0.0,1.0,0.0,0.0,0.0,0.0,0.0,0.0,0.0,0.0,0.0,0.0
105,106,3.5,0.98,1,-0.130826,0.20597,-0.969774,-0.243881,0.19456,-0.950089,-0.193,0.206,83.7,-18.0,480.2,0.081,0.203,-0.064,0.07,0.0,0.15,0.0,0.54,1.3,0.0,1.05,0.26,0.0,0.0,0.34,0.0,0.0,0.7,0.0,0.0,0.0,0.0,0.0,0.0,0.0,0.0,0.0,1.0,0.0,0.0,0.0,0.0,0.0,0.0,0.0,0.0,0.0,0.0
106,107,3.533,0.98,1,-0.140399,0.201646,-0.969344,-0.258761,0.151794,-0.95394,-0.205,0.182,83.2,-18.2,480.9,0.081,0.209,-0.071,0.07,0.0,0.15,0.0,0.53,1.61,0.0,1.08,0.31,0.0,0.03,0.38,0.0,0.0,0.68,0.01,0.0,0.0,0.0,0.0,0.0,0.0,0.0,0.0,1.0,0.0,0.0,0.0,0.0,0.0,0.0,0.0,0.0,0.0,0.0
107,108,3.567,0.98,1,-0.141785,0.198006,-0.969892,-0.253454,0.169417,-0.952396,-0.203,0.189,82.2,-17.1,479.5,0.075,0.213,-0.078,0.04,0.0,0.05,0.0,0.45,1.65,0.0,1.1,0.27,0.0,0.03,0.43,0.0,0.0,0.72,0.01,0.0,0.0,0.0,0.0,0.0,0.0,0.0,0.0,1.0,0.0,0.0,0.0,0.0,0.0,0.0,0.0,0.0,0.0,0.0
108,109,3.6,0.98,1,-0.13695,0.202952,-0.969564,-0.249561,0.177497,-0.951953,-0.198,0.195,81.5,-16.6,481.0,0.086,0.213,-0.08,0.04,0.0,0.0,0.0,0.38,1.6,0.0,1.1,0.24,0.0,0.03,0.34,0.0,0.0,0.73,0.01,0.0,0.0,0.0,0.0,0.0,0.0,0.0,0.0,1.0,0.0,0.0,0.0,0.0,0.0,0.0,0.0,0.0,0.0,0.0
109,110,3.633,0.98,1,-0.137332,0.200521,-0.970016,-0.262161,0.198233,-0.944444,-0.206,0.205,81.2,-17.0,484.9,0.094,0.221,-0.081,0.04,0.0,0.0,0.0,0.42,1.46,0.0,1.05,0.17,0.0,0.0,0.2,0.0,0.0,0.69,0.0,0.0,0.0,0.0,0.0,0.0,0.0,0.0,0.0,1.0,0.0,0.0,0.0,0.0,0.0,0.0,0.0,0.0,0.0,0.0
110,111,3.667,0.98,1,-0.146681,0.207528,-0.967169,-0.250861,0.1749,-0.952092,-0.204,0.197,80.1,-16.4,482.8,0.088,0.211,-0.08,0.09,0.0,0.0,0.0,0.39,1.26,0.0,1.06,0.14,0.0,0.0,0.19,0.0,0.0,0.62,0.0,0.0,0.0,0.0,0.0,0.0,0.0,0.0,0.0,1.0,0.0,0.0,0.0,0.0,0.0,0.0,0.0,0.0,0.0,0.0
111,112,3.7,0.98,1,-0.154219,0.206822,-0.966148,-0.25499,0.186905,-0.948708,-0.211,0.203,79.8,-16.5,486.8,0.102,0.215,-0.08,0.13,0.0,0.0,0.0,0.38,1.18,0.0,1.04,0.1,0.0,0.0,0.35,0.0,0.0,0.52,0.01,0.0,0.0,0.0,0.0,0.0,0.0,0.0,0.0,1.0,0.0,0.0,0.0,0.0,0.0,0.0,0.0,0.0,0.0,0.0
112,113,3.733,0.98,1,-0.125583,0.196277,-0.972473,-0.274049,0.187809,-0.943199,-0.206,0.198,79.5,-17.6,490.8,0.099,0.231,-0.079,0.13,0.0,0.0,0.0,0.28,0.85,0.0,0.95,0.06,0.0,0.0,0.44,0.02,0.0,0.33,0.01,0.0,0.0,0.0,0.0,0.0,0.0,0.0,0.0,1.0,0.0,0.0,0.0,0.0,0.0,0.0,0.0,0.0,0.0,0.0
113,114,3.767,0.98,1,-0.134051,0.206257,-0.969272,-0.268504,0.17632,-0.947004,-0.207,0.197,78.9,-18.2,490.3,0.089,0.233,-0.078,0.05,0.0,0.0,0.0,0.26,0.7,0.0,0.82,0.04,0.0,0.0,0.47,0.02,0.0,0.22,0.01,0.0,0.0,0.0,0.0,0.0,0.0,0.0,0.0,1.0,0.0,0.0,0.0,0.0,0.0,0.0,0.0,0.0,0.0,0.0
114,115,3.8,0.98,1,-0.127689,0.21155,-0.96899,-0.264096,0.185068,-0.946574,-0.202,0.204,79.0,-18.5,493.2,0.097,0.225,-0.076,0.08,0.0,0.0,0.0,0.28,1.01,0.0,0.82,0.01,0.0,0.0,0.35,0.02,0.0,0.15,0.0,0.0,0.0,0.0,0.0,0.0,0.0,0.0,0.0,1.0,0.0,0.0,0.0,0.0,0.0,0.0,0.0,0.0,0.0,0.0
115,116,3.833,0.98,1,-0.115357,0.19994,-0.972994,-0.281778,0.168872,-0.944502,-0.204,0.19,79.2,-18.8,497.7,0.104,0.223,-0.079,0.12,0.0,0.0,0.0,0.29,1.19,0.0,0.79,0.0,0.0,0.0,0.23,0.0,0.0,0.21,0.0,0.0,0.0,0.0,0.0,0.0,0.0,0.0,0.0,1.0,0.0,0.0,0.0,0.0,0.0,0.0,0.0,0.0,0.0,0.0
116,117,3.867,0.98,1,-0.115235,0.204276,-0.972107,-0.273412,0.172218,-0.946354,-0.2,0.194,79.0,-19.3,499.3,0.094,0.23,-0.077,0.19,0.0,0.06,0.0,0.3,1.34,0.0,0.77,0.01,0.0,0.0,0.04,0.0,0.0,0.24,0.0,0.0,0.0,0.0,0.0,0.0,0.0,0.0,0.0,0.0,0.0,0.0,0.0,0.0,0.0,0.0,0.0,0.0,0.0,0.0
117,118,3.9,0.98,1,-0.127843,0.20075,-0.971265,-0.274723,0.170056,-0.946366,-0.207,0.191,79.0,-19.6,501.6,0.098,0.232,-0.074,0.17,0.0,0.06,0.0,0.2,1.01,0.0,0.76,0.02,0.0,0.0,0.08,0.0,0.02,0.2,0.0,0.0,0.0,0.0,0.0,0.0,0.0,0.0,0.0,0.0,0.0,0.0,0.0,0.0,0.0,0.0,0.0,0.0,0.0,0.0
118,119,3.933,0.98,1,-0.101525,0.183759,-0.977714,-0.265102,0.17458,-0.948284,-0.188,0.184,79.6,-20.1,505.2,0.099,0.225,-0.068,0.13,0.0,0.06,0.0,0.19,0.86,0.0,0.75,0.02,0.0,0.0,0.07,0.0,0.07,0.21,0.0,0.0,0.0,0.0,0.0,0.0,0.0,0.0,0.0,0.0,0.0,0.0,0.0,0.0,0.0,0.0,0.0,0.0,0.0,0.0
119,120,3.967,0.98,1,-0.112394,0.160954,-0.980541,-0.275254,0.162468,-0.947544,-0.198,0.166,80.1,-21.4,508.5,0.076,0.224,-0.057,0.08,0.0,0.0,0.0,0.18,0.68,0.0,0.72,0.11,0.0,0.0,0.08,0.0,0.16,0.18,0.0,0.0,0.0,0.0,0.0,0.0,0.0,0.0,0.0,0.0,0.0,0.0,0.0,0.0,0.0,0.0,0.0,0.0,0.0,0.0
120,121,4.0,0.98,1,-0.084378,0.16683,-0.982369,-0.2767,0.167321,-0.946277,-0.185,0.172,80.9,-22.3,512.1,0.076,0.213,-0.058,0.02,0.0,0.0,0.0,0.24,0.75,0.0,0.84,0.21,0.0,0.0,0.01,0.0,0.18,0.27,0.0,0.05,0.0,0.0,0.0,0.0,0.0,0.0,0.0,1.0,0.0,0.0,0.0,0.0,0.0,0.0,0.0,0.0,0.0,0.0
121,122,4.033,0.98,1,-0.09486,0.172509,-0.98043,-0.230122,0.170097,-0.958181,-0.166,0.175,81.6,-22.6,515.6,0.082,0.206,-0.059,0.02,0.0,0.0,0.0,0.34,0.89,0.0,1.1,0.41,0.0,0.0,0.01,0.0,0.17,0.36,0.0,0.05,0.0,0.0,0.0,0.0,0.0,0.0,0.0,1.0,0.0,0.0,0.0,0.0,0.0,0.0,0.0,0.0,0.0,0.0
122,123,4.067,0.98,1,-0.087367,0.173351,-0.980977,-0.262577,0.158684,-0.951773,-0.179,0.17,81.9,-23.4,515.2,0.079,0.202,-0.06,0.0,0.0,0.0,0.0,0.36,1.02,0.0,1.1,0.45,0.0,0.0,0.03,0.0,0.18,0.43,0.0,0.05,0.0,0.0,0.0,0.0,0.0,0.0,0.0,1.0,1.0,0.0,0.0,0.0,0.0,0.0,0.0,0.0,0.0,0.0
123,124,4.1,0.98,1,-0.071565,0.163746,-0.983903,-0.250262,0.166529,-0.953749,-0.165,0.169,81.8,-23.5,515.6,0.086,0.19,-0.057,0.03,0.0,0.0,0.0,0.4,1.13,0.0,1.07,0.51,0.0,0.0,0.03,0.06,0.19,0.47,0.0,0.0,0.0,0.0,0.0,0.0,0.0,0.0,0.0,1.0,1.0,0.0,0.0,0.0,0.0,0.0,0.0,0.0,0.0,0.0
124,125,4.133,0.98,1,-0.06537,0.175577,-0.982293,-0.225812,0.176468,-0.958054,-0.149,0.179,82.3,-24.0,520.5,0.098,0.179,-0.057,0.03,0.0,0.0,0.0,0.39,1.17,0.0,0.95,0.51,0.0,0.0,0.05,0.06,0.24,0.46,0.0,0.04,0.0,0.0,0.0,0.0,0.0,0.0,0.0,1.0,1.0,0.0,0.0,0.0,0.0,0.0,0.0,0.0,0.0,0.0
125,126,4.167,0.98,1,-0.054802,0.17218,-0.98354,-0.22891,0.174432,-0.957692,-0.145,0.177,82.2,-25.4,522.9,0.079,0.174,-0.05,0.03,0.0,0.0,0.0,0.37,1.21,0.0,1.06,0.58,0.0,0.0,0.06,0.06,0.27,0.39,0.0,0.04,0.0,0.0,0.0,0.0,0.0,0.0,0.0,1.0,1.0,0.0,0.0,0.0,0.0,0.0,0.0,0.0,0.0,0.0
126,127,4.2,0.98,1,-0.033685,0.166796,-0.985416,-0.208801,0.191948,-0.958936,-0.124,0.182,81.7,-26.6,524.7,0.071,0.176,-0.047,0.01,0.0,0.0,0.0,0.35,1.18,0.0,1.05,0.53,0.0,0.0,0.07,0.0,0.28,0.32,0.0,0.08,0.0,0.0,0.0,0.0,0.0,0.0,0.0,1.0,1.0,0.0,0.0,0.0,0.0,0.0,0.0,0.0,0.0,0.0
127,128,4.233,0.98,1,-0.034368,0.17788,-0.983452,-0.204222,0.210842,-0.955949,-0.122,0.198,81.1,-27.1,524.5,0.081,0.169,-0.049,0.02,0.0,0.0,0.0,0.35,1.32,0.0,1.07,0.43,0.0,0.0,0.05,0.0,0.21,0.38,0.0,0.05,0.0,0.0,0.0,0.0,0.0,0.0,0.0,1.0,1.0,0.0,0.0,0.0,0.0,0.0,0.0,0.0,0.0,0.0
128,129,4.267,0.98,1,-0.029588,0.164969,-0.985855,-0.218484,0.189222,-0.957319,-0.127,0.18,80.3,-27.4,524.5,0.073,0.162,-0.045,0.01,0.0,0.0,0.0,0.33,1.4,0.0,1.02,0.31,0.0,0.0,0.02,0.0,0.1,0.6,0.0,0.05,0.0,0.0,0.0,0.0,0.0,0.0,0.0,1.0,1.0,0.0,0.0,0.0,0.0,0.0,0.0,0.0,0.0,0.0
129,130,4.3,0.98,1,-0.022391,0.173028,-0.984662,-0.182439,0.203135,-0.962004,-0.105,0.191,79.4,-27.2,524.6,0.084,0.155,-0.045,0.06,0.0,0.0,0.0,0.3,1.52,0.0,0.97,0.31,0.0,0.0,0.01,0.0,0.04,0.74,0.0,0.04,0.0,0.0,0.0,0.0,0.0,0.0,0.0,1.0,1.0,0.0,0.0,0.0,0.0,0.0,0.0,0.0,0.0,0.0
130,131,4.333,0.98,1,-0.030837,0.188112,-0.981663,-0.213944,0.212286,-0.9535,-0.126,0.204,78.8,-27.3,526.5,0.096,0.151,-0.042,0.05,0.0,0.0,0.0,0.31,1.5,0.0,0.99,0.34,0.0,0.0,0.01,0.0,0.06,0.89,0.01,0.04,0.0,0.0,0.0,0.0,0.0,0.0,0.0,1.0,0.0,0.0,0.0,0.0,0.0,0.0,0.0,0.0,0.0,0.0
131,132,4.367,0.98,1,-0.024316,0.190378,-0.98141,-0.187918,0.208956,-0.9597,-0.109,0.203,78.0,-27.5,525.4,0.093,0.136,-0.039,0.05,0.0,0.0,0.0,0.39,1.58,0.0,1.05,0.45,0.0,0.08,0.07,0.0,0.04,1.08,0.08,0.08,0.0,0.0,0.0,0.0,0.0,0.0,0.0,1.0,0.0,0.0,0.0,0.0,0.0,0.0,0.0,0.0,0.0,0.0
132,133,4.4,0.98,1,-0.018892,0.197747,-0.980071,-0.151676,0.215815,-0.964582,-0.087,0.21,77.1,-27.3,525.8,0.098,0.126,-0.039,0.0,0.0,0.1,0.0,0.45,1.53,0.0,0.98,0.4,0.0,0.16,0.14,0.0,0.02,1.19,0.12,0.13,0.0,0.0,0.0,0.0,0.0,0.0,0.0,1.0,0.0,0.0,0.0,0.0,0.0,0.0,0.0,0.0,0.0,0.0
133,134,4.433,0.98,1,-0.015897,0.194287,-0.980816,-0.156875,0.222466,-0.962237,-0.089,0.211,76.1,-27.5,526.1,0.093,0.121,-0.038,0.03,0.0,0.1,0.0,0.46,1.44,0.0,0.97,0.34,0.0,0.23,0.24,0.0,0.0,1.21,0.22,0.13,0.0,0.0,0.0,0.0,0.0,0.0,0.0,1.0,0.0,0.0,0.0,0.0,0.0,0.0,0.0,0.0,0.0,0.0
134,135,4.467,0.98,1,-0.031676,0.187458,-0.981762,-0.142481,0.215133,-0.966135,-0.089,0.204,74.7,-28.3,527.2,0.084,0.123,-0.037,0.05,0.0,0.1,0.0,0.4,1.37,0.0,0.98,0.23,0.0,0.31,0.39,0.0,0.08,1.0,0.29,0.09,0.0,0.0,0.0,0.0,0.0,0.0,0.0,1.0,0.0,0.0,0.0,0.0,0.0,0.0,0.0,0.0,0.0,0.0
135,136,4.5,0.98,1,-0.034828,0.190408,-0.981087,-0.143081,0.213554,-0.966397,-0.091,0.205,73.2,-28.5,526.3,0.07,0.105,-0.035,0.14,0.0,0.0,0.0,0.31,1.12,0.0,1.1,0.26,0.0,0.42,0.51,0.0,0.18,0.72,0.3,0.06,0.0,0.0,0.0,0.0,0.0,0.0,0.0,1.0,0.0,0.0,1.0,0.0,0.0,0.0,0.0,0.0,0.0,0.0
136,137,4.533,0.98,1,-0.011388,0.189657,-0.981784,-0.157556,0.213137,-0.964235,-0.087,0.204,71.7,-28.8,526.7,0.076,0.102,-0.039,0.12,0.0,0.04,0.0,0.31,1.3,0.0,1.2,0.28,0.0,0.53,0.61,0.0,0.31,0.59,0.19,0.06,0.0,0.0,0.0,0.0,0.0,0.0,0.0,1.0,0.0,0.0,1.0,0.0,0.0,0.0,0.0,0.0,0.0,0.0
137,138,4.567,0.98,1,-0.020295,0.183761,-0.982761,-0.164667,0.19838,-0.966194,-0.095,0.194,69.6,-28.9,524.5,0.065,0.098,-0.037,0.19,0.0,0.13,0.0,0.39,1.26,0.0,1.22,0.31,0.0,0.63,0.66,0.0,0.4,0.64,0.29,0.06,0.0,0.0,0.0,0.0,0.0,0.0,0.0,1.0,0.0,0.0,1.0,0.0,0.0,1.0,0.0,0.0,0.0,0.0
138,139,4.6,0.98,1,-0.026409,0.179792,-0.98335,-0.165057,0.199988,-0.965796,-0.098,0.192,66.7,-27.9,518.4,0.063,0.102,-0.034,0.1,0.0,0.3,0.0,0.49,1.48,0.0,1.22,0.32,0.0,0.46,0.52,0.07,0.45,0.9,0.42,0.03,0.0,0.0,0.0,0.0,0.0,0.0,0.0,1.0,0.0,0.0,1.0,0.0,0.0,1.0,0.0,0.0,0.0,0.0
139,140,4.633,0.98,1,-0.016271,0.196206,-0.980428,-0.17121,0.204189,-0.963843,-0.096,0.203,64.5,-26.3,517.6,0.086,0.107,-0.03,0.12,0.0,0.41,0.0,0.51,1.29,0.0,1.28,0.43,0.0,0.47,0.38,0.07,0.38,1.11,0.66,0.05,0.0,0.0,0.0,0.0,0.0,0.0,0.0,1.0,0.0,0.0,1.0,0.0,0.0,1.0,0.0,0.0,0.0,0.0
140,141,4.667,0.98,1,-0.00447,0.192852,-0.981218,-0.163636,0.206251,-0.96472,-0.086,0.202,62.0,-25.1,513.8,0.078,0.12,-0.029,0.02,0.0,0.4,0.0,0.59,1.35,0.0,1.43,0.48,0.0,0.35,0.15,0.07,0.27,1.27,0.57,0.05,0.0,0.0,0.0,0.0,0.0,0.0,0.0,1.0,0.0,0.0,1.0,0.0,0.0,0.0,0.0,0.0,0.0,0.0
141,142,4.7,0.98,1,-0.021586,0.175468,-0.984248,-0.137531,0.197274,-0.970653,-0.081,0.188,60.7,-23.5,510.1,0.08,0.123,-0.036,0.02,0.0,0.39,0.0,0.66,1.39,0.0,1.6,0.52,0.0,0.33,0.16,0.04,0.16,1.32,0.46,0.15,0.0,0.0,0.0,0.0,0.0,0.0,0.0,1.0,0.0,0.0,1.0,0.0,0.0,0.0,0.0,0.0,0.0,0.0
142,143,4.733,0.98,1,-0.021122,0.209564,-0.977567,-0.1577,0.21134,-0.964607,-0.092,0.213,60.1,-21.8,508.8,0.088,0.122,-0.044,0.02,0.0,0.32,0.0,0.69,1.3,0.0,1.69,0.54,0.0,0.14,0.11,0.11,0.14,1.36,0.39,0.3,0.0,0.0,0.0,0.0,0.0,0.0,0.0,1.0,0.0,0.0,1.0,0.0,0.0,0.0,1.0,0.0,0.0,0.0
143,144,4.767,0.98,1,-0.022029,0.205612,-0.978386,-0.180944,0.216585,-0.959349,-0.104,0.215,59.8,-20.3,505.3,0.076,0.118,-0.045,0.02,0.0,0.3,0.0,0.6,1.22,0.0,1.7,0.53,0.0,0.07,0.06,0.13,0.14,1.33,0.36,0.4,0.0,0.0,0.0,0.0,0.0,0.0,0.0,1.0,0.0,0.0,1.0,0.0,0.0,0.0,1.0,0.0,0.0,0.0
144,145,4.8,0.98,1,-0.019524,0.197651,-0.980078,-0.197143,0.194738,-0.960839,-0.111,0.199,59.7,-19.1,501.1,0.076,0.129,-0.053,0.04,0.0,0.19,0.0,0.53,1.22,0.0,1.57,0.47,0.0,0.07,0.0,0.1,0.09,1.38,0.5,0.31,0.0,0.0,0.0,0.0,0.0,0.0,0.0,1.0,0.0,0.0,1.0,0.0,0.0,0.0,1.0,0.0,0.0,0.0
145,146,4.833,0.98,1,-0.040112,0.207555,-0.977401,-0.178462,0.19652,-0.964122,-0.112,0.205,60.0,-17.6,497.0,0.081,0.126,-0.061,0.02,0.0,0.11,0.0,0.49,1.25,0.0,1.34,0.34,0.0,0.14,0.01,0.03,0.08,1.39,0.52,0.21,0.0,0.0,0.0,0.0,0.0,0.0,0.0,1.0,0.0,0.0,1.0,0.0,0.0,0.0,1.0,0.0,0.0,0.0
146,147,4.867,0.98,1,-0.064777,0.194876,-0.978687,-0.155289,0.199359,-0.967544,-0.113,0.2,59.9,-16.2,489.4,0.064,0.132,-0.061,0.02,0.0,0.05,0.0,0.49,1.16,0.02,1.18,0.21,0.0,0.07,0.01,0.04,0.02,1.44,0.51,0.12,0.0,0.0,0.0,0.0,0.0,0.0,0.0,1.0,0.0,0.0,0.0,0.0,0.0,0.0,1.0,0.0,0.0,0.0
147,148,4.9,0.98,1,-0.067733,0.198143,-0.97783,-0.166274,0.204553,-0.96463,-0.12,0.204,60.4,-15.1,484.8,0.065,0.144,-0.068,0.0,0.0,0.03,0.0,0.46,1.08,0.06,1.14,0.13,0.0,0.1,0.01,0.03,0.02,1.35,0.34,0.07,0.0,0.0,0.0,0.0,0.0,0.0,0.0,1.0,0.0,0.0,0.0,0.0,0.0,0.0,1.0,0.0,0.0,0.0
148,149,4.933,0.98,1,-0.059081,0.190394,-0.979928,-0.181384,0.193087,-0.96427,-0.123,0.195,61.9,-13.9,484.4,0.062,0.151,-0.076,0.0,0.0,0.06,0.0,0.42,1.17,0.11,1.12,0.03,0.0,0.04,0.0,0.03,0.0,1.39,0.22,0.0,0.0,0.0,0.0,0.0,0.0,0.0,0.0,1.0,0.0,0.0,0.0,0.0,0.0,0.0,1.0,0.0,0.0,0.0
149,150,4.967,0.98,1,-0.084353,0.176819,-0.980622,-0.181874,0.205509,-0.961607,-0.136,0.194,63.2,-12.1,479.5,0.063,0.155,-0.083,0.0,0.0,0.11,0.0,0.39,1.32,0.09,1.11,0.01,0.0,0.04,0.0,0.0,0.0,1.42,0.19,0.0,0.0,0.0,0.0,0.0,0.0,0.0,0.0,1.0,0.0,0.0,0.0,0.0,0.0,0.0,1.0,0.0,0.0,0.0
150,151,5.0,0.98,1,-0.072238,0.196523,-0.977835,-0.187926,0.198796,-0.961855,-0.133,0.201,64.7,-10.7,476.1,0.066,0.157,-0.088,0.0,0.0,0.16,0.0,0.37,1.23,0.05,1.22,0.01,0.0,0.09,0.0,0.0,0.0,1.41,0.23,0.0,0.0,0.0,0.0,0.0,0.0,0.0,0.0,1.0,0.0,0.0,0.0,0.0,0.0,0.0,0.0,0.0,0.0,0.0
151,152,5.033,0.98,1,-0.064791,0.194189,-0.978822,-0.172691,0.184187,-0.967602,-0.121,0.192,66.0,-9.3,475.1,0.064,0.162,-0.086,0.0,0.0,0.2,0.0,0.35,1.19,0.03,1.27,0.11,0.0,0.14,0.0,0.0,0.0,1.19,0.18,0.0,0.0,0.0,0.0,0.0,0.0,0.0,0.0,1.0,0.0,0.0,0.0,0.0,0.0,0.0,0.0,0.0,0.0,0.0
152,153,5.067,0.98,1,-0.071499,0.195022,-0.978189,-0.178066,0.19001,-0.965499,-0.128,0.196,67.2,-8.0,472.6,0.069,0.162,-0.082,0.0,0.0,0.27,0.0,0.36,1.14,0.08,1.28,0.12,0.0,0.15,0.0,0.0,0.0,1.04,0.19,0.0,0.0,0.0,0.0,0.0,0.0,0.0,0.0,1.0,0.0,0.0,0.0,0.0,0.0,0.0,0.0,0.0,0.0,0.0
153,154,5.1,0.98,1,-0.065185,0.213629,-0.974738,-0.166037,0.183368,-0.968921,-0.118,0.201,68.0,-7.0,468.9,0.068,0.164,-0.08,0.01,0.0,0.37,0.0,0.37,1.24,0.08,1.12,0.19,0.0,0.08,0.0,0.14,0.0,0.99,0.29,0.0,0.0,0.0,0.0,0.0,0.0,0.0,0.0,1.0,0.0,0.0,0.0,0.0,0.0,0.0,0.0,0.0,0.0,0.0
154,155,5.133,0.98,1,-0.062252,0.200297,-0.977755,-0.175223,0.174374,-0.968964,-0.121,0.19,68.8,-5.8,467.7,0.075,0.166,-0.076,0.0,0.0,0.4,0.0,0.41,1.25,0.07,1.13,0.15,0.0,0.06,0.0,0.29,0.01,1.0,0.47,0.0,0.0,0.0,0.0,0.0,0.0,0.0,0.0,1.0,0.0,0.0,0.0,0.0,0.0,0.0,0.0,0.0,0.0,0.0
155,156,5.167,0.98,1,-0.055586,0.187464,-0.980697,-0.184956,0.191989,-0.963811,-0.123,0.193,69.5,-5.2,466.6,0.068,0.162,-0.073,0.0,0.0,0.38,0.0,0.45,1.53,0.02,1.15,0.15,0.0,0.05,0.0,0.46,0.04,0.99,0.53,0.0,0.0,0.0,0.0,0.0,0.0,0.0,0.0,1.0,0.0,0.0,0.0,0.0,0.0,0.0,0.0,0.0,0.0,0.0
156,157,5.2,0.98,1,-0.068225,0.197001,-0.978027,-0.208619,0.19188,-0.958989,-0.142,0.198,69.6,-5.0,465.3,0.083,0.163,-0.071,0.0,0.0,0.34,0.0,0.45,1.8,0.05,1.24,0.12,0.0,0.02,0.0,0.49,0.04,0.93,0.5,0.0,0.0,0.0,0.0,0.0,0.0,0.0,0.0,1.0,0.0,0.0,0.0,0.0,0.0,0.0,0.0,0.0,0.0,0.0
157,158,5.233,0.98,1,-0.073887,0.195389,-0.977939,-0.222106,0.199903,-0.95431,-0.152,0.202,70.1,-5.0,466.6,0.088,0.166,-0.07,0.0,0.0,0.31,0.0,0.47,2.08,0.04,1.18,0.14,0.0,0.0,0.0,0.49,0.08,0.92,0.41,0.0,0.0,0.0,0.0,0.0,0.0,0.0,0.0,1.0,0.0,0.0,0.0,0.0,0.0,0.0,0.0,0.0,0.0,0.0
158,159,5.267,0.98,1,-0.079816,0.199048,-0.976734,-0.206751,0.20208,-0.957297,-0.147,0.205,70.0,-4.7,465.8,0.084,0.164,-0.064,0.09,0.0,0.33,0.0,0.47,2.0,0.07,1.13,0.12,0.0,0.0,0.04,0.46,0.05,0.87,0.35,0.04,0.0,0.0,0.0,0.0,0.0,0.0,0.0,1.0,0.0,0.0,0.0,0.0,0.0,0.0,0.0,0.0,0.0,0.0
159,160,5.3,0.98,1,-0.100152,0.218209,-0.970749,-0.199496,0.196198,-0.960056,-0.154,0.211,70.5,-4.7,468.4,0.086,0.166,-0.065,0.42,0.0,0.37,0.0,0.41,1.88,0.04,0.97,0.17,0.0,0.0,0.04,0.47,0.05,1.02,0.32,0.72,0.0,0.0,0.0,0.0,0.0,0.0,0.0,1.0,0.0,0.0,0.0,0.0,0.0,0.0,0.0,0.0,0.0,0.0
160,161,5.333,0.98,1,0.046018,0.295255,-0.95431,-0.242909,0.344276,-0.906901,-0.105,0.331,72.1,-3.4,479.6,0.093,0.167,-0.067,0.76,0.0,0.5,0.0,0.3,1.94,0.02,0.97,0.19,0.0,0.0,0.04,0.47,0.0,0.91,0.31,1.22,0.0,0.0,0.0,0.0,0.0,0.0,0.0,1.0,0.0,0.0,0.0,0.0,0.0,0.0,0.0,0.0,0.0,0.0
161,162,5.367,0.98,1,-0.001804,0.289643,-0.957133,-0.234683,0.322729,-0.916935,-0.126,0.316,71.2,-3.0,476.0,0.087,0.167,-0.071,0.78,0.0,0.48,0.0,0.22,2.14,0.01,0.95,0.19,0.0,0.04,0.0,0.51,0.0,0.89,0.46,1.51,0.0,0.0,0.0,0.0,0.0,0.0,0.0,1.0,0.0,0.0,0.0,0.0,0.0,0.0,0.0,0.0,0.0,0.0
162,163,5.4,0.98,1,-0.065185,0.259282,-0.963599,-0.233857,0.287472,-0.928801,-0.157,0.281,70.0,-3.0,471.1,0.096,0.175,-0.077,0.66,0.0,0.52,0.0,0.19,2.13,0.01,0.95,0.09,0.0,0.07,0.0,0.42,0.0,0.66,0.52,1.0,0.0,0.0,0.0,0.0,0.0,0.0,0.0,1.0,0.0,0.0,0.0,0.0,0.0,0.0,0.0,0.0,0.0,0.0
163,164,5.433,0.98,1,-0.056481,0.236162,-0.970071,-0.251094,0.276641,-0.927589,-0.161,0.264,69.8,-2.4,470.6,0.101,0.178,-0.08,0.34,0.0,0.48,0.0,0.17,1.9,0.01,0.93,0.03,0.0,0.09,0.15,0.27,0.04,0.63,0.67,0.5,0.0,0.0,0.0,0.0,0.0,0.0,0.0,1.0,0.0,0.0,0.0,0.0,0.0,0.0,0.0,0.0,0.0,0.0
164,165,5.467,0.98,1,-0.083992,0.20932,-0.974233,-0.240221,0.232047,-0.942575,-0.168,0.226,69.3,-1.9,468.8,0.09,0.174,-0.081,0.23,0.0,0.44,0.0,0.1,1.67,0.0,0.87,0.03,0.0,0.15,0.2,0.09,0.13,0.46,0.5,0.17,0.0,0.0,0.0,0.0,0.0,0.0,0.0,1.0,0.0,0.0,0.0,0.0,0.0,0.0,0.0,0.0,0.0,0.0
165,166,5.5,0.98,1,-0.093163,0.197237,-0.975919,-0.235544,0.218929,-0.946884,-0.169,0.213,69.4,-1.9,468.1,0.089,0.17,-0.084,0.12,0.06,0.28,0.0,0.08,1.61,0.0,0.97,0.03,0.0,0.12,0.36,0.03,0.24,0.3,0.44,0.0,0.0,0.0,0.0,0.0,0.0,0.0,0.0,1.0,0.0,0.0,0.0,0.0,0.0,0.0,0.0,0.0,0.0,0.0
166,167,5.533,0.98,1,-0.083277,0.186898,-0.978843,-0.225749,0.216231,-0.949885,-0.159,0.206,69.8,-1.5,469.4,0.088,0.169,-0.085,0.16,0.06,0.15,0.0,0.14,1.54,0.0,0.99,0.13,0.0,0.1,0.3,0.03,0.34,0.25,0.26,0.0,0.0,0.0,0.0,0.0,0.0,0.0,0.0,1.0,0.0,0.0,0.0,0.0,0.0,0.0,0.0,0.0,0.0,0.0
167,168,5.567,0.98,1,-0.097465,0.175856,-0.979579,-0.264022,0.202194,-0.943085,-0.186,0.194,69.6,-0.7,468.5,0.074,0.177,-0.08,0.24,0.1,0.08,0.0,0.23,1.31,0.0,1.12,0.2,0.0,0.0,0.41,0.06,0.38,0.32,0.29,0.0,0.0,0.0,0.0,0.0,0.0,0.0,0.0,1.0,0.0,0.0,0.0,0.0,0.0,0.0,0.0,0.0,0.0,0.0
168,169,5.6,0.98,1,-0.10949,0.188063,-0.976035,-0.22728,0.203314,-0.952369,-0.173,0.2,69.9,-0.1,467.1,0.085,0.173,-0.088,0.16,0.03,0.23,0.0,0.31,1.26,0.0,1.18,0.22,0.0,0.0,0.31,0.04,0.27,0.56,0.31,0.0,0.0,0.0,0.0,0.0,0.0,0.0,0.0,1.0,0.0,0.0,0.0,0.0,0.0,0.0,0.0,0.0,0.0,0.0
169,170,5.633,0.98,1,-0.089734,0.199624,-0.975755,-0.229995,0.209285,-0.950422,-0.164,0.209,70.3,1.0,467.9,0.106,0.185,-0.092,0.1,0.03,0.21,0.0,0.36,1.21,0.0,1.26,0.21,0.0,0.02,0.31,0.04,0.15,0.68,0.42,0.0,0.0,0.0,0.0,0.0,0.0,0.0,0.0,1.0,0.0,0.0,0.0,0.0,0.0,0.0,0.0,0.0,0.0,0.0
170,171,5.667,0.98,1,-0.097696,0.207022,-0.973446,-0.208371,0.202932,-0.956766,-0.157,0.209,70.5,2.0,465.6,0.103,0.188,-0.095,0.02,0.0,0.23,0.0,0.32,1.28,0.0,1.18,0.18,0.0,0.02,0.23,0.0,0.02,0.78,0.52,0.0,0.0,0.0,0.0,0.0,0.0,0.0,0.0,1.0,0.0,0.0,0.0,0.0,0.0,0.0,0.0,0.0,0.0,0.0
171,172,5.7,0.98,1,-0.090703,0.202895,-0.97499,-0.238843,0.20681,-0.94878,-0.17,0.21,71.1,2.7,466.1,0.114,0.196,-0.1,0.0,0.0,0.05,0.0,0.35,1.2,0.0,1.11,0.22,0.0,0.02,0.18,0.09,0.02,0.8,0.54,0.0,0.0,0.0,0.0,0.0,0.0,0.0,0.0,1.0,0.0,0.0,0.0,0.0,0.0,0.0,0.0,0.0,0.0,0.0
172,173,5.733,0.98,1,-0.117261,0.209274,-0.970801,-0.242319,0.187871,-0.951833,-0.185,0.204,71.5,3.1,466.9,0.116,0.2,-0.1,0.0,0.0,0.09,0.0,0.28,1.2,0.0,0.98,0.2,0.0,0.0,0.14,0.09,0.0,0.86,0.54,0.0,0.0,0.0,0.0,0.0,0.0,0.0,0.0,1.0,0.0,0.0,0.0,0.0,0.0,0.0,0.0,0.0,0.0,0.0
173,174,5.767,0.98,1,-0.11431,0.200041,-0.973097,-0.253891,0.182872,-0.949788,-0.189,0.197,71.4,3.0,466.0,0.106,0.207,-0.097,0.0,0.0,0.08,0.0,0.21,0.99,0.0,0.9,0.19,0.0,0.0,0.09,0.09,0.02,0.91,0.45,0.0,0.0,0.0,0.0,0.0,0.0,0.0,0.0,1.0,0.0,0.0,0.0,0.0,0.0,0.0,0.0,0.0,0.0,0.0
174,175,5.8,0.98,1,-0.127568,0.204645,-0.970488,-0.245049,0.187052,-0.951295,-0.192,0.201,71.7,2.9,465.7,0.107,0.208,-0.096,0.06,0.0,0.06,0.0,0.12,1.02,0.0,0.9,0.2,0.0,0.0,0.18,0.06,0.07,0.66,0.64,0.0,0.0,0.0,0.0,0.0,0.0,0.0,0.0,1.0,0.0,0.0,0.0,0.0,0.0,0.0,0.0,0.0,0.0,0.0
175,176,5.833,0.98,1,-0.123344,0.212216,-0.969407,-0.240654,0.17699,-0.954338,-0.187,0.2,72.4,2.5,466.0,0.109,0.207,-0.099,0.06,0.0,0.02,0.0,0.08,1.07,0.0,0.84,0.26,0.0,0.0,0.29,0.06,0.21,0.32,0.71,0.0,0.0,0.0,0.0,0.0,0.0,0.0,0.0,1.0,0.0,0.0,0.0,0.0,0.0,0.0,0.0,0.0,0.0,0.0
176,177,5.867,0.98,1,-0.122109,0.194765,-0.973219,-0.253674,0.177897,-0.95079,-0.193,0.191,72.3,2.1,463.8,0.094,0.209,-0.097,0.06,0.0,0.0,0.0,0.13,1.22,0.0,0.91,0.23,0.0,0.0,0.56,0.06,0.43,0.04,0.73,0.0,0.0,0.0,0.0,0.0,0.0,0.0,0.0,1.0,0.0,0.0,0.0,0.0,0.0,0.0,0.0,0.0,0.0,0.0
177,178,5.9,0.98,1,-0.134681,0.186782,-0.973126,-0.254781,0.152055,-0.954969,-0.199,0.174,72.9,1.8,462.7,0.091,0.202,-0.097,0.01,0.0,0.0,0.0,0.13,1.12,0.0,0.93,0.2,0.0,0.0,0.91,0.03,0.57,0.0,0.61,0.0,0.0,0.0,0.0,0.0,0.0,0.0,0.0,1.0,0.0,0.0,0.0,1.0,0.0,0.0,0.0,0.0,0.0,0.0
178,179,5.933,0.98,1,-0.125688,0.188808,-0.973937,-0.231644,0.174917,-0.956946,-0.183,0.186,73.5,1.7,463.3,0.094,0.208,-0.1,0.01,0.0,0.0,0.0,0.22,0.94,0.0,1.11,0.21,0.0,0.0,0.87,0.09,0.63,0.0,0.53,0.02,0.0,0.0,0.0,0.0,0.0,0.0,0.0,1.0,0.0,0.0,0.0,1.0,0.0,0.0,0.0,0.0,0.0,0.0
179,180,5.967,0.98,1,-0.11513,0.207044,-0.971534,-0.230392,0.202882,-0.951714,-0.178,0.21,75.3,2.7,464.4,0.116,0.202,-0.111,0.01,0.0,0.0,0.0,0.32,0.89,0.0,1.22,0.31,0.0,0.0,0.74,0.15,0.58,0.0,0.55,0.02,0.0,0.0,0.0,0.0,0.0,0.0,0.0,1.0,0.0,0.0,0.0,1.0,0.0,0.0,0.0,0.0,0.0,0.0
180,181,6.0,0.98,1,-0.115452,0.204576,-0.972018,-0.228203,0.199776,-0.952897,-0.177,0.207,75.4,2.7,464.3,0.115,0.204,-0.113,0.0,0.0,0.0,0.0,0.42,0.92,0.0,1.28,0.36,0.0,0.0,0.47,0.17,0.56,0.0,0.53,0.02,0.0,0.0,0.0,0.0,0.0,0.0,0.0,1.0,0.0,0.0,0.0,1.0,0.0,0.0,0.0,0.0,0.0,0.0
181,182,6.033,0.98,1,-0.116407,0.204345,-0.971953,-0.229805,0.199801,-0.952507,-0.178,0.207,75.4,2.7,464.4,0.115,0.205,-0.114,0.0,0.0,0.0,0.0,0.42,0.93,0.0,1.26,0.32,0.0,0.0,0.49,0.15,0.53,0.0,0.54,0.0,0.0,0.0,0.0,0.0,0.0,0.0,0.0,1.0,0.0,0.0,0.0,1.0,0.0,0.0,0.0,0.0,0.0,0.0
182,183,6.067,0.98,1,-0.116498,0.204616,-0.971885,-0.230218,0.200111,-0.952342,-0.178,0.207,75.4,2.7,464.5,0.116,0.205,-0.114,0.0,0.0,0.08,0.0,0.34,1.02,0.0,1.27,0.2,0.0,0.02,0.43,0.12,0.47,0.0,0.36,0.0,0.0,0.0,0.0,0.0,0.0,0.0,0.0,1.0,0.0,0.0,0.0,0.0,0.0,0.0,0.0,0.0,0.0,0.0
183,184,6.1,0.98,1,-0.101044,0.206173,-0.973285,-0.232292,0.200829,-0.951687,-0.171,0.208,76.5,3.6,469.5,0.121,0.198,-0.109,0.0,0.0,0.11,0.01,0.26,1.13,0.0,1.27,0.11,0.0,0.02,0.34,0.13,0.43,0.0,0.2,0.0,0.0,0.0,0.0,0.0,0.0,0.0,0.0,1.0,0.0,0.0,0.0,0.0,0.0,0.0,0.0,0.0,0.0,0.0
184,185,6.133,0.98,1,-0.102356,0.209381,-0.972462,-0.231628,0.200609,-0.951895,-0.172,0.21,76.5,3.6,469.5,0.122,0.198,-0.108,0.0,0.0,0.11,0.02,0.14,1.1,0.0,1.25,0.01,0.03,0.14,0.29,0.27,0.38,0.0,0.13,0.0,0.0,0.0,0.0,0.0,0.0,0.0,0.0,1.0,0.0,0.0,0.0,0.0,0.0,0.0,0.0,0.0,0.0,0.0
185,186,6.167,0.98,1,-0.115336,0.190682,-0.974853,-0.223767,0.214656,-0.950711,-0.174,0.207,76.1,4.2,468.4,0.121,0.198,-0.108,0.0,0.0,0.08,0.02,0.08,0.98,0.0,1.26,0.08,0.03,0.17,0.25,0.23,0.39,0.0,0.13,0.0,0.0,0.0,0.0,0.0,0.0,0.0,0.0,1.0,0.0,0.0,0.0,0.0,0.0,0.0,0.0,0.0,0.0,0.0
186,187,6.2,0.98,1,-0.124666,0.185879,-0.974632,-0.21858,0.242143,-0.945299,-0.177,0.219,75.6,4.5,468.0,0.115,0.196,-0.102,0.0,0.0,0.13,0.01,0.1,0.91,0.0,1.27,0.16,0.03,0.17,0.23,0.21,0.26,0.1,0.3,0.0,0.0,0.0,0.0,0.0,0.0,0.0,0.0,1.0,0.0,0.0,0.0,0.0,0.0,0.0,0.0,0.0,0.0,0.0
187,188,6.233,0.98,1,-0.11623,0.186353,-0.975583,-0.224967,0.237743,-0.944917,-0.176,0.217,75.5,4.6,471.8,0.124,0.204,-0.102,0.02,0.0,0.2,0.0,0.17,1.16,0.0,1.38,0.25,0.0,0.05,0.13,0.04,0.14,0.23,0.34,0.0,0.0,0.0,0.0,0.0,0.0,0.0,0.0,1.0,0.0,0.0,0.0,0.0,0.0,0.0,0.0,0.0,0.0,0.0
188,189,6.267,0.98,1,-0.122049,0.185614,-0.975014,-0.238156,0.240157,-0.941066,-0.186,0.219,74.4,4.6,472.0,0.118,0.202,-0.099,0.05,0.0,0.15,0.0,0.19,1.39,0.0,1.35,0.29,0.0,0.1,0.09,0.04,0.0,0.31,0.38,0.0,0.0,0.0,0.0,0.0,0.0,0.0,0.0,1.0,0.0,0.0,0.0,0.0,0.0,0.0,0.0,0.0,0.0,0.0
189,190,6.3,0.98,1,-0.117788,0.180064,-0.976577,-0.246325,0.230811,-0.941302,-0.188,0.211,73.3,4.2,474.0,0.118,0.223,-0.099,0.05,0.0,0.07,0.0,0.17,1.32,0.0,1.22,0.29,0.0,0.15,0.14,0.0,0.0,0.32,0.22,0.0,0.0,0.0,0.0,0.0,0.0,0.0,0.0,1.0,0.0,0.0,0.0,0.0,0.0,0.0,0.0,0.0,0.0,0.0
190,191,6.333,0.98,1,-0.131795,0.180946,-0.974622,-0.247499,0.225984,-0.942165,-0.195,0.209,72.6,3.8,476.1,0.12,0.222,-0.097,0.03,0.0,0.0,0.0,0.09,1.22,0.01,1.13,0.32,0.0,0.28,0.21,0.0,0.0,0.26,0.08,0.0,0.0,0.0,0.0,0.0,0.0,0.0,0.0,1.0,0.0,0.0,0.0,0.0,0.0,0.0,0.0,0.0,0.0,0.0
191,192,6.367,0.98,1,-0.155722,0.17563,-0.972062,-0.235973,0.228571,-0.944496,-0.202,0.208,71.8,3.7,477.8,0.118,0.219,-0.093,0.0,0.0,0.03,0.0,0.09,1.09,0.02,1.05,0.33,0.0,0.22,0.29,0.0,0.0,0.17,0.04,0.0,0.0,0.0,0.0,0.0,0.0,0.0,0.0,1.0,0.0,0.0,0.0,0.0,0.0,0.0,0.0,0.0,0.0,0.0
192,193,6.4,0.98,1,-0.144203,0.178239,-0.973363,-0.234137,0.224917,-0.945829,-0.195,0.207,71.5,3.5,479.3,0.114,0.218,-0.094,0.04,0.0,0.03,0.0,0.12,1.15,0.04,1.14,0.34,0.0,0.3,0.34,0.0,0.0,0.19,0.0,0.0,0.0,0.0,0.0,0.0,0.0,0.0,0.0,1.0,0.0,0.0,0.0,0.0,0.0,0.0,0.0,0.0,0.0,0.0
193,194,6.433,0.98,1,-0.14813,0.172937,-0.97373,-0.222794,0.228018,-0.947824,-0.191,0.206,71.3,3.3,481.2,0.121,0.212,-0.098,0.04,0.0,0.03,0.0,0.21,1.08,0.02,1.11,0.3,0.0,0.18,0.27,0.0,0.0,0.38,0.04,0.0,0.0,0.0,0.0,0.0,0.0,0.0,0.0,1.0,0.0,0.0,0.0,0.0,0.0,0.0,0.0,0.0,0.0,0.0
194,195,6.467,0.98,1,-0.123433,0.16676,-0.978241,-0.239221,0.218405,-0.946083,-0.186,0.198,71.0,3.6,481.7,0.117,0.208,-0.094,0.04,0.0,0.05,0.0,0.32,1.01,0.02,1.25,0.28,0.0,0.25,0.21,0.0,0.0,0.59,0.04,0.0,0.0,0.0,0.0,0.0,0.0,0.0,0.0,1.0,0.0,0.0,0.0,0.0,0.0,0.0,0.0,0.0,0.0,0.0
195,196,6.5,0.98,1,-0.141081,0.174258,-0.974541,-0.286821,0.188979,-0.93916,-0.22,0.188,70.5,3.4,482.7,0.126,0.206,-0.098,0.01,0.0,0.1,0.0,0.36,1.12,0.0,1.3,0.23,0.0,0.13,0.16,0.0,0.0,0.67,0.04,0.0,0.0,0.0,0.0,0.0,0.0,0.0,0.0,1.0,0.0,0.0,0.0,0.0,0.0,0.0,0.0,0.0,0.0,0.0
196,197,6.533,0.98,1,-0.091816,0.173784,-0.980494,-0.269567,0.194536,-0.943127,-0.186,0.189,70.4,2.9,485.0,0.132,0.212,-0.103,0.01,0.0,0.16,0.0,0.42,1.22,0.07,1.43,0.19,0.0,0.2,0.28,0.0,0.0,0.57,0.0,0.0,0.0,0.0,0.0,0.0,0.0,0.0,0.0,1.0,0.0,0.0,0.0,0.0,0.0,0.0,0.0,0.0,0.0,0.0
197,198,6.567,0.98,1,-0.098291,0.162626,-0.98178,-0.272124,0.183788,-0.944548,-0.19,0.178,69.9,2.4,485.9,0.117,0.217,-0.096,0.01,0.0,0.24,0.0,0.42,1.43,0.09,1.41,0.17,0.0,0.09,0.33,0.0,0.0,0.49,0.09,0.0,0.0,0.0,0.0,0.0,0.0,0.0,0.0,1.0,0.0,0.0,0.0,0.0,0.0,0.0,0.0,0.0,0.0,0.0
198,199,6.6,0.98,1,-0.12164,0.167122,-0.978404,-0.235274,0.200922,-0.950934,-0.183,0.188,69.8,1.5,486.4,0.111,0.218,-0.099,0.0,0.0,0.31,0.0,0.45,1.46,0.12,1.45,0.17,0.0,0.08,0.42,0.0,0.0,0.51,0.09,0.0,0.0,0.0,0.0,0.0,0.0,0.0,0.0,1.0,0.0,0.0,0.0,0.0,0.0,0.0,0.0,0.0,0.0,0.0
199,200,6.633,0.98,1,-0.110834,0.137885,-0.984227,-0.27874,0.204788,-0.938278,-0.2,0.176,69.9,1.1,486.6,0.114,0.22,-0.101,0.0,0.0,0.29,0.0,0.47,1.51,0.06,1.34,0.26,0.0,0.1,0.48,0.01,0.0,0.6,0.15,0.0,0.0,0.0,0.0,0.0,0.0,0.0,0.0,1.0,0.0,0.0,0.0,1.0,0.0,0.0,0.0,0.0,0.0,0.0
200,201,6.667,0.98,1,-0.119037,0.118385,-0.985807,-0.264549,0.197941,-0.94384,-0.196,0.162,69.6,0.8,484.9,0.096,0.216,-0.099,0.0,0.0,0.35,0.0,0.46,1.4,0.04,1.34,0.28,0.0,0.1,0.55,0.04,0.0,0.68,0.18,0.0,0.0,0.0,0.0,0.0,0.0,0.0,0.0,1.0,0.0,0.0,0.0,1.0,0.0,0.0,0.0,0.0,0.0,0.0
201,202,6.7,0.98,1,-0.127063,0.13066,-0.983251,-0.242117,0.187712,-0.951916,-0.189,0.163,69.5,0.5,484.3,0.095,0.211,-0.1,0.0,0.0,0.3,0.0,0.47,1.37,0.01,1.24,0.33,0.0,0.1,0.57,0.04,0.0,0.68,0.32,0.0,0.0,0.0,0.0,0.0,0.0,0.0,0.0,1.0,0.0,0.0,0.0,1.0,1.0,0.0,0.0,0.0,0.0,0.0
202,203,6.733,0.98,1,-0.116706,0.147432,-0.982163,-0.275018,0.186843,-0.943109,-0.201,0.172,69.3,0.4,484.6,0.098,0.213,-0.104,0.0,0.0,0.36,0.01,0.51,1.2,0.01,1.37,0.37,0.0,0.05,0.5,0.03,0.0,0.63,0.26,0.0,0.0,0.0,0.0,0.0,0.0,0.0,0.0,1.0,0.0,0.0,0.0,1.0,1.0,0.0,0.0,0.0,0.0,0.0
203,204,6.767,0.98,1,-0.108133,0.136192,-0.984763,-0.243024,0.195947,-0.950023,-0.18,0.17,69.1,0.4,484.4,0.095,0.213,-0.105,0.0,0.0,0.19,0.01,0.56,1.3,0.02,1.28,0.36,0.0,0.08,0.56,0.0,0.0,0.49,0.24,0.0,0.0,0.0,0.0,0.0,0.0,0.0,0.0,1.0,0.0,0.0,0.0,1.0,1.0,0.0,0.0,0.0,0.0,0.0
204,205,6.8,0.98,1,-0.106023,0.132901,-0.985442,-0.204973,0.19492,-0.959162,-0.159,0.167,69.0,0.3,483.6,0.094,0.212,-0.11,0.0,0.0,0.18,0.01,0.56,1.34,0.07,1.39,0.36,0.0,0.08,0.59,0.07,0.0,0.44,0.2,0.0,0.0,0.0,0.0,0.0,0.0,0.0,0.0,1.0,0.0,0.0,0.0,1.0,1.0,0.0,0.0,0.0,0.0,0.0
205,206,6.833,0.98,1,-0.086609,0.149188,-0.985009,-0.218945,0.216832,-0.951339,-0.157,0.187,69.5,0.3,485.8,0.098,0.215,-0.112,0.0,0.0,0.08,0.0,0.54,1.47,0.07,1.25,0.36,0.0,0.08,0.7,0.1,0.0,0.47,0.32,0.0,0.0,0.0,0.0,0.0,0.0,0.0,0.0,1.0,0.0,0.0,0.0,1.0,1.0,0.0,0.0,0.0,0.0,0.0
206,207,6.867,0.98,1,-0.057044,0.140783,-0.988396,-0.20046,0.228075,-0.952784,-0.132,0.188,69.6,0.4,484.9,0.087,0.217,-0.108,0.0,0.0,0.12,0.0,0.54,1.56,0.05,1.29,0.4,0.0,0.04,0.66,0.1,0.05,0.57,0.46,0.0,0.0,0.0,0.0,0.0,0.0,0.0,0.0,1.0,1.0,0.0,0.0,1.0,1.0,0.0,0.0,0.0,0.0,0.0
207,208,6.9,0.98,1,-0.055568,0.144801,-0.987899,-0.170083,0.205895,-0.96368,-0.115,0.178,70.3,0.6,481.1,0.08,0.2,-0.107,0.0,0.0,0.08,0.07,0.52,1.67,0.0,1.21,0.37,0.0,0.04,0.63,0.1,0.05,0.66,0.58,0.0,0.0,0.0,0.0,0.0,0.0,0.0,0.0,1.0,1.0,0.0,0.0,1.0,0.0,0.0,0.0,0.0,0.0,0.0
208,209,6.933,0.98,1,-0.038837,0.152804,-0.987493,-0.177024,0.224263,-0.958315,-0.11,0.191,71.7,0.9,483.3,0.09,0.197,-0.109,0.0,0.0,0.08,0.07,0.53,1.63,0.0,1.31,0.39,0.0,0.0,0.52,0.09,0.05,0.76,0.61,0.0,0.0,0.0,0.0,0.0,0.0,0.0,0.0,1.0,1.0,0.0,0.0,1.0,0.0,0.0,0.0,0.0,0.0,0.0
209,210,6.967,0.98,1,-0.045773,0.149608,-0.987685,-0.144631,0.190853,-0.970905,-0.097,0.172,72.7,1.4,481.9,0.083,0.187,-0.108,0.0,0.0,0.03,0.07,0.53,1.47,0.0,1.32,0.36,0.0,0.0,0.45,0.1,0.02,0.72,0.64,0.0,0.0,0.0,0.0,0.0,0.0,0.0,0.0,1.0,1.0,0.0,0.0,1.0,0.0,0.0,0.0,0.0,0.0,0.0
210,211,7.0,0.98,1,-0.026229,0.151341,-0.988134,-0.152501,0.180963,-0.971594,-0.091,0.168,73.8,1.5,481.8,0.086,0.178,-0.107,0.0,0.0,0.0,0.0,0.56,1.41,0.0,1.38,0.43,0.0,0.0,0.44,0.12,0.07,0.54,0.49,0.0,0.0,0.0,0.0,0.0,0.0,0.0,0.0,1.0,1.0,0.0,0.0,1.0,0.0,0.0,0.0,0.0,0.0,0.0
211,212,7.033,0.98,1,-0.045051,0.150335,-0.987608,-0.157345,0.180701,-0.970871,-0.103,0.167,74.4,1.4,484.9,0.08,0.183,-0.101,0.0,0.0,0.07,0.02,0.5,1.46,0.0,1.33,0.35,0.0,0.0,0.56,0.1,0.25,0.21,0.33,0.0,0.0,0.0,0.0,0.0,0.0,0.0,0.0,1.0,1.0,0.0,0.0,1.0,0.0,0.0,0.0,0.0,0.0,0.0
212,213,7.067,0.98,1,-0.038149,0.144102,-0.988827,-0.161307,0.186655,-0.969092,-0.102,0.167,74.6,1.0,484.2,0.065,0.18,-0.096,0.0,0.0,0.07,0.07,0.49,1.67,0.0,1.34,0.42,0.0,0.0,0.66,0.14,0.45,0.08,0.07,0.0,0.0,0.0,0.0,0.0,0.0,0.0,0.0,1.0,1.0,0.0,0.0,1.0,0.0,0.0,0.0,0.0,0.0,0.0
213,214,7.1,0.98,1,-0.02503,0.136327,-0.990348,-0.157572,0.175617,-0.971766,-0.093,0.158,74.8,0.9,484.4,0.061,0.177,-0.095,0.0,0.0,0.07,0.14,0.48,1.68,0.01,1.37,0.38,0.0,0.0,0.62,0.06,0.48,0.05,0.11,0.0,0.0,0.0,0.0,0.0,0.0,0.0,0.0,1.0,1.0,0.0,0.0,1.0,0.0,0.0,0.0,0.0,0.0,0.0
214,215,7.133,0.98,1,-0.051921,0.15438,-0.986646,-0.163741,0.189861,-0.968061,-0.11,0.174,74.9,1.0,484.0,0.075,0.179,-0.1,0.0,0.0,0.01,0.2,0.51,1.68,0.01,1.25,0.46,0.0,0.01,0.55,0.09,0.29,0.42,0.26,0.0,0.0,0.0,0.0,0.0,0.0,0.0,0.0,1.0,1.0,0.0,0.0,1.0,0.0,0.0,0.0,0.0,0.0,0.0
215,216,7.167,0.98,1,-0.056783,0.159835,-0.985509,-0.16869,0.195882,-0.966009,-0.115,0.18,74.7,1.4,482.1,0.086,0.18,-0.102,0.0,0.0,0.03,0.23,0.48,1.52,0.01,1.23,0.43,0.0,0.01,0.46,0.06,0.11,0.53,0.45,0.0,0.0,0.0,0.0,0.0,0.0,0.0,0.0,1.0,1.0,0.0,0.0,0.0,0.0,0.0,0.0,0.0,0.0,0.0
216,217,7.2,0.98,1,-0.059641,0.165598,-0.984388,-0.162634,0.201908,-0.965807,-0.113,0.186,74.5,1.4,480.8,0.085,0.173,-0.099,0.0,0.0,0.03,0.16,0.44,1.31,0.0,1.17,0.43,0.0,0.02,0.42,0.15,0.05,0.64,0.52,0.0,0.0,0.0,0.0,0.0,0.0,0.0,0.0,1.0,1.0,0.0,0.0,0.0,0.0,0.0,0.0,0.0,0.0,0.0
217,218,7.233,0.98,1,-0.054772,0.151902,-0.986877,-0.171475,0.197082,-0.965275,-0.115,0.177,74.6,0.8,481.7,0.09,0.177,-0.101,0.0,0.0,0.08,0.07,0.44,1.1,0.0,1.26,0.36,0.0,0.03,0.4,0.12,0.05,0.55,0.48,0.0,0.0,0.0,0.0,0.0,0.0,0.0,0.0,1.0,1.0,0.0,0.0,0.0,0.0,0.0,0.0,0.0,0.0,0.0
218,219,7.267,0.98,1,-0.029823,0.155342,-0.98741,-0.175373,0.208479,-0.962175,-0.105,0.184,74.5,0.3,482.4,0.085,0.177,-0.097,0.0,0.0,0.07,0.0,0.44,0.89,0.0,1.35,0.32,0.0,0.08,0.43,0.17,0.02,0.71,0.43,0.0,0.0,0.0,0.0,0.0,0.0,0.0,0.0,1.0,1.0,0.0,0.0,0.0,0.0,0.0,1.0,0.0,0.0,0.0
219,220,7.3,0.98,1,-0.047456,0.158737,-0.98618,-0.171958,0.193496,-0.965914,-0.112,0.179,74.1,0.2,480.8,0.084,0.171,-0.096,0.02,0.0,0.16,0.0,0.44,0.95,0.01,1.35,0.28,0.0,0.1,0.49,0.14,0.0,0.75,0.45,0.0,0.0,0.0,0.0,0.0,0.0,0.0,0.0,1.0,0.0,0.0,0.0,0.0,0.0,0.0,1.0,0.0,0.0,0.0
220,221,7.333,0.98,1,-0.063917,0.152524,-0.986231,-0.165258,0.206771,-0.964332,-0.117,0.182,74.3,-0.2,482.1,0.086,0.163,-0.096,0.02,0.0,0.2,0.0,0.42,1.18,0.01,1.43,0.24,0.0,0.21,0.45,0.17,0.0,0.76,0.65,0.0,0.0,0.0,0.0,0.0,0.0,0.0,0.0,1.0,0.0,0.0,0.0,0.0,0.0,0.0,1.0,0.0,0.0,0.0
221,222,7.367,0.98,1,-0.072633,0.143817,-0.986935,-0.173254,0.193405,-0.965701,-0.125,0.171,73.8,0.0,481.0,0.079,0.162,-0.091,0.02,0.0,0.24,0.0,0.44,1.55,0.01,1.46,0.23,0.0,0.19,0.49,0.11,0.0,0.75,0.82,0.0,0.0,0.0,0.0,0.0,0.0,0.0,0.0,1.0,0.0,0.0,0.0,1.0,0.0,0.0,1.0,0.0,0.0,0.0
222,223,7.4,0.98,1,-0.05961,0.135338,-0.989005,-0.183344,0.179989,-0.966431,-0.124,0.16,73.1,0.3,478.5,0.075,0.16,-0.091,0.0,0.0,0.27,0.0,0.46,1.61,0.0,1.48,0.21,0.0,0.16,0.59,0.09,0.0,0.81,1.01,0.0,0.0,0.0,0.0,0.0,0.0,0.0,0.0,1.0,0.0,0.0,0.0,1.0,0.0,0.0,1.0,0.0,0.0,0.0
223,224,7.433,0.98,1,-0.03727,0.156065,-0.987043,-0.163132,0.186562,-0.968805,-0.102,0.173,72.9,0.6,480.4,0.086,0.165,-0.092,0.0,0.0,0.21,0.0,0.52,1.54,0.0,1.4,0.17,0.0,0.08,0.64,0.13,0.0,0.88,1.25,0.0,0.0,0.0,0.0,0.0,0.0,0.0,0.0,1.0,0.0,0.0,0.0,1.0,0.0,0.0,1.0,0.0,0.0,0.0
224,225,7.467,0.98,1,-0.058149,0.154001,-0.986358,-0.159429,0.184768,-0.969765,-0.111,0.171,72.7,1.2,479.4,0.081,0.161,-0.09,0.0,0.0,0.19,0.0,0.54,1.19,0.0,1.35,0.2,0.0,0.14,0.67,0.13,0.0,0.95,1.37,0.0,0.0,0.0,0.0,0.0,0.0,0.0,0.0,1.0,0.0,0.0,0.0,1.0,0.0,0.0,1.0,0.0,0.0,0.0
225,226,7.5,0.98,1,-0.068406,0.150736,-0.986205,-0.184692,0.198807,-0.962478,-0.129,0.177,72.2,1.7,477.3,0.089,0.167,-0.094,0.0,0.0,0.19,0.0,0.57,1.16,0.0,1.4,0.27,0.0,0.26,0.6,0.09,0.0,0.96,1.36,0.0,0.0,0.0,0.0,0.0,0.0,0.0,0.0,1.0,0.0,0.0,0.0,1.0,0.0,0.0,1.0,0.0,0.0,0.0
226,227,7.533,0.98,1,-0.063416,0.181742,-0.981299,-0.173192,0.198107,-0.964758,-0.121,0.193,72.4,1.9,478.2,0.093,0.167,-0.098,0.0,0.0,0.16,0.0,0.54,1.21,0.0,1.52,0.4,0.0,0.22,0.63,0.03,0.03,0.9,1.17,0.0,0.0,0.0,0.0,0.0,0.0,0.0,0.0,1.0,0.0,0.0,0.0,1.0,0.0,0.0,1.0,0.0,0.0,0.0
227,228,7.567,0.98,1,-0.053057,0.176841,-0.982808,-0.1944,0.181632,-0.96396,-0.126,0.182,72.2,2.2,478.6,0.089,0.166,-0.095,0.0,0.0,0.13,0.0,0.53,1.44,0.0,1.55,0.4,0.0,0.13,0.56,0.13,0.06,0.83,1.16,0.0,0.0,0.0,0.0,0.0,0.0,0.0,0.0,1.0,0.0,0.0,0.0,1.0,0.0,0.0,1.0,0.0,0.0,0.0
228,229,7.6,0.98,1,-0.044779,0.181551,-0.982362,-0.194423,0.192296,-0.961884,-0.122,0.19,72.1,2.3,477.9,0.088,0.166,-0.094,0.0,0.0,0.12,0.0,0.51,1.46,0.0,1.56,0.41,0.0,0.02,0.62,0.18,0.09,0.77,1.23,0.0,0.0,0.0,0.0,0.0,0.0,0.0,0.0,1.0,0.0,0.0,0.0,1.0,0.0,0.0,1.0,0.0,0.0,0.0
229,230,7.633,0.98,1,-0.046747,0.177448,-0.983019,-0.196704,0.194915,-0.960893,-0.125,0.189,72.1,2.6,477.5,0.094,0.168,-0.096,0.0,0.0,0.11,0.01,0.52,1.43,0.0,1.59,0.39,0.0,0.0,0.63,0.25,0.1,0.77,1.24,0.0,0.0,0.0,0.0,0.0,0.0,0.0,0.0,1.0,1.0,0.0,0.0,1.0,0.0,0.0,1.0,0.0,0.0,0.0
230,231,7.667,0.98,1,-0.047974,0.172769,-0.983793,-0.199028,0.190289,-0.961342,-0.126,0.185,72.0,2.7,477.0,0.09,0.164,-0.094,0.0,0.0,0.11,0.02,0.52,1.42,0.0,1.6,0.42,0.0,0.05,0.77,0.15,0.11,0.84,1.19,0.0,0.0,0.0,0.0,0.0,0.0,0.0,0.0,1.0,1.0,0.0,0.0,1.0,0.0,0.0,1.0,0.0,0.0,0.0
231,232,7.7,0.98,1,-0.054208,0.174729,-0.983123,-0.205275,0.200064,-0.958038,-0.133,0.191,72.1,2.5,476.6,0.089,0.159,-0.095,0.0,0.0,0.04,0.02,0.54,1.39,0.0,1.45,0.44,0.0,0.05,0.72,0.2,0.12,0.78,1.05,0.0,0.0,0.0,0.0,0.0,0.0,0.0,0.0,1.0,1.0,0.0,0.0,1.0,0.0,0.0,1.0,0.0,0.0,0.0
232,233,7.733,0.98,1,-0.060665,0.171841,-0.983255,-0.193833,0.190823,-0.962297,-0.13,0.184,72.5,2.1,478.9,0.095,0.16,-0.099,0.0,0.0,0.02,0.02,0.56,1.34,0.0,1.33,0.5,0.0,0.05,0.87,0.18,0.29,0.53,0.85,0.0,0.0,0.0,0.0,0.0,0.0,0.0,0.0,1.0,1.0,0.0,0.0,1.0,0.0,0.0,0.0,0.0,0.0,0.0
233,234,7.767,0.98,1,-0.052925,0.170866,-0.983872,-0.194819,0.178707,-0.964422,-0.126,0.178,72.8,1.5,480.3,0.071,0.155,-0.091,0.0,0.0,0.02,0.03,0.61,1.22,0.04,1.23,0.52,0.0,0.0,0.95,0.25,0.51,0.2,0.6,0.0,0.0,0.0,0.0,0.0,0.0,0.0,0.0,1.0,1.0,0.0,0.0,1.0,0.0,0.0,0.0,0.0,0.0,0.0
234,235,7.8,0.98,1,-0.07657,0.152698,-0.985302,-0.21843,0.177185,-0.959632,-0.151,0.168,72.7,1.0,478.1,0.059,0.152,-0.086,0.0,0.0,0.05,0.04,0.58,1.29,0.04,1.2,0.45,0.0,0.0,1.1,0.2,0.74,0.07,0.35,0.0,0.0,0.0,0.0,0.0,0.0,0.0,0.0,1.0,1.0,0.0,0.0,1.0,0.0,0.0,0.0,0.0,0.0,0.0
235,236,7.833,0.98,1,-0.080566,0.165273,-0.982952,-0.191838,0.183293,-0.964159,-0.139,0.177,73.0,1.0,478.5,0.064,0.149,-0.085,0.0,0.0,0.05,0.03,0.55,1.42,0.04,1.17,0.38,0.0,0.0,1.03,0.3,0.77,0.01,0.29,0.0,0.0,0.0,0.0,0.0,0.0,0.0,0.0,1.0,1.0,0.0,0.0,1.0,0.0,0.0,0.0,0.0,0.0,0.0
236,237,7.867,0.98,1,-0.086194,0.161617,-0.983082,-0.206357,0.172891,-0.963081,-0.149,0.17,73.1,1.4,478.1,0.065,0.151,-0.082,0.0,0.0,0.05,0.01,0.54,1.69,0.03,1.23,0.38,0.0,0.0,0.97,0.3,0.72,0.03,0.37,0.0,0.0,0.0,0.0,0.0,0.0,0.0,0.0,1.0,1.0,0.0,0.0,1.0,0.0,0.0,0.0,0.0,0.0,0.0
237,238,7.9,0.98,1,-0.087171,0.165169,-0.982405,-0.210083,0.166689,-0.963369,-0.152,0.169,72.8,1.7,475.9,0.063,0.155,-0.08,0.0,0.0,0.02,0.0,0.56,1.66,0.03,1.29,0.48,0.05,0.0,0.91,0.4,0.6,0.21,0.65,0.0,0.0,0.0,0.0,0.0,0.0,0.0,0.0,1.0,1.0,0.0,0.0,1.0,0.0,0.0,0.0,0.0,0.0,0.0
238,239,7.933,0.98,1,-0.097116,0.163502,-0.981751,-0.21041,0.179568,-0.96098,-0.157,0.175,72.6,2.3,474.5,0.081,0.156,-0.083,0.0,0.0,0.03,0.0,0.64,1.55,0.02,1.41,0.64,0.13,0.0,0.75,0.44,0.4,0.66,1.11,0.0,0.0,0.0,0.0,0.0,0.0,0.0,0.0,1.0,1.0,0.0,0.0,1.0,0.0,0.0,0.0,1.0,0.0,0.0
239,240,7.967,0.98,1,-0.092666,0.175206,-0.980161,-0.201513,0.186811,-0.961506,-0.15,0.184,72.0,3.0,472.1,0.093,0.164,-0.081,0.0,0.0,0.03,0.0,0.65,1.38,0.0,1.44,0.68,0.17,0.0,0.74,0.58,0.26,0.93,1.4,0.0,0.0,0.0,0.0,0.0,0.0,0.0,0.0,1.0,1.0,0.0,0.0,1.0,0.0,0.0,0.0,1.0,0.0,0.0
240,241,8.0,0.98,1,-0.093067,0.173689,-0.980393,-0.208713,0.191937,-0.958957,-0.154,0.186,71.8,3.0,470.8,0.094,0.158,-0.084,0.05,0.0,0.06,0.0,0.69,1.42,0.0,1.51,0.71,0.26,0.0,0.82,0.65,0.37,0.75,1.51,0.0,0.0,0.0,0.0,0.0,0.0,0.0,0.0,1.0,1.0,0.0,1.0,1.0,0.0,0.0,0.0,1.0,0.0,0.0
241,242,8.033,0.98,1,-0.116375,0.178291,-0.977072,-0.211067,0.197338,-0.957344,-0.168,0.192,71.8,2.7,471.2,0.095,0.16,-0.082,0.05,0.0,0.05,0.0,0.65,1.57,0.0,1.55,0.7,0.26,0.0,1.07,0.65,0.64,0.29,1.08,0.0,0.0,0.0,0.0,0.0,0.0,0.0,0.0,1.0,1.0,0.0,1.0,1.0,0.0,0.0,0.0,1.0,0.0,0.0
242,243,8.067,0.98,1,-0.102125,0.175519,-0.979165,-0.202112,0.196374,-0.959473,-0.156,0.19,71.6,2.3,471.4,0.082,0.16,-0.077,0.05,0.0,0.05,0.0,0.64,1.57,0.0,1.56,0.74,0.42,0.0,1.23,0.48,0.9,0.0,0.69,0.0,0.0,0.0,0.0,0.0,0.0,0.0,0.0,1.0,1.0,0.0,1.0,1.0,0.0,0.0,0.0,0.0,0.0,0.0
243,244,8.1,0.98,1,-0.111557,0.179243,-0.977459,-0.194217,0.196142,-0.961149,-0.156,0.191,71.5,2.1,472.7,0.082,0.163,-0.072,0.03,0.0,0.0,0.0,0.61,1.58,0.0,1.54,0.74,0.43,0.0,1.32,0.33,1.0,0.0,0.43,0.0,0.0,0.0,0.0,0.0,0.0,0.0,0.0,1.0,1.0,1.0,1.0,1.0,1.0,0.0,0.0,0.0,0.0,0.0
244,245,8.133,0.98,1,-0.115368,0.182234,-0.976464,-0.228617,0.192959,-0.954202,-0.176,0.192,71.6,1.4,473.3,0.084,0.16,-0.073,0.03,0.0,0.0,0.0,0.66,1.62,0.0,1.45,0.75,0.59,0.0,1.36,0.32,1.06,0.0,0.45,0.01,0.0,0.0,0.0,0.0,0.0,0.0,0.0,1.0,1.0,1.0,1.0,1.0,1.0,0.0,0.0,0.0,0.0,0.0
245,246,8.167,0.98,1,-0.115313,0.185607,-0.975834,-0.224692,0.196929,-0.954323,-0.174,0.196,70.7,1.2,472.2,0.085,0.172,-0.07,0.03,0.0,0.0,0.0,0.77,1.84,0.0,1.47,0.81,0.6,0.0,1.19,0.49,1.02,0.0,0.54,0.01,0.0,0.0,0.0,0.0,0.0,0.0,0.0,1.0,1.0,1.0,1.0,1.0,1.0,0.0,0.0,0.0,0.0,0.0
246,247,8.2,0.98,1,-0.116333,0.180176,-0.976731,-0.239377,0.196754,-0.950782,-0.182,0.193,70.3,1.3,470.6,0.082,0.171,-0.073,0.0,0.0,0.01,0.0,0.9,1.93,0.0,1.62,0.86,0.65,0.0,1.09,0.65,0.86,0.0,0.78,0.01,0.0,0.0,0.0,0.0,0.0,0.0,0.0,1.0,1.0,1.0,1.0,1.0,1.0,0.0,0.0,0.0,0.0,0.0
247,248,8.233,0.98,1,-0.11642,0.176907,-0.977318,-0.227804,0.198335,-0.953293,-0.176,0.192,69.9,1.4,471.7,0.091,0.175,-0.076,0.24,0.0,0.06,0.0,0.91,2.07,0.0,1.84,0.89,0.53,0.0,0.91,0.72,0.49,0.24,0.95,0.19,0.0,0.0,0.0,0.0,0.0,0.0,0.0,1.0,1.0,0.0,1.0,1.0,1.0,0.0,0.0,0.0,0.0,0.0
248,249,8.267,0.98,1,-0.073487,0.27323,-0.959137,-0.263762,0.28087,-0.92279,-0.177,0.286,70.6,1.8,478.5,0.094,0.181,-0.079,0.48,0.0,0.09,0.0,0.74,2.0,0.0,1.81,0.88,0.34,0.01,0.78,0.83,0.19,0.33,0.97,0.76,1.0,0.0,0.0,0.0,0.0,0.0,0.0,1.0,1.0,0.0,0.0,0.0,1.0,0.0,0.0,0.0,0.0,1.0
249,250,8.3,0.98,1,-0.039243,0.305242,-0.951466,-0.248897,0.332366,-0.909716,-0.154,0.33,71.2,2.2,481.8,0.077,0.177,-0.078,0.7,0.0,0.28,0.03,0.53,1.77,0.0,1.66,0.8,0.15,0.05,0.5,0.97,0.0,0.45,0.8,1.34,1.0,0.0,0.0,0.0,0.0,0.0,0.0,1.0,1.0,0.0,0.0,0.0,1.0,0.0,0.0,0.0,0.0,1.0
250,251,8.333,0.98,1,-0.03034,0.300307,-0.95336,-0.254116,0.333249,-0.907949,-0.152,0.328,71.0,1.9,483.0,0.082,0.187,-0.079,0.53,0.0,0.37,0.03,0.48,1.82,0.04,1.47,0.69,0.07,0.05,0.36,1.05,0.0,0.41,0.72,1.55,1.0,0.0,0.0,0.0,0.0,0.0,0.0,1.0,1.0,0.0,0.0,0.0,1.0,0.0,0.0,0.0,0.0,1.0
251,252,8.367,0.98,1,0.010975,0.278897,-0.960258,-0.262057,0.319198,-0.910735,-0.133,0.309,70.4,1.3,478.6,0.08,0.184,-0.079,0.3,0.0,0.48,0.03,0.52,1.92,0.08,1.52,0.48,0.06,0.03,0.31,0.74,0.0,0.54,0.81,1.23,1.0,0.0,0.0,0.0,0.0,0.0,0.0,1.0,1.0,0.0,0.0,0.0,1.0,0.0,0.0,0.0,0.0,1.0
252,253,8.4,0.98,1,-0.065627,0.241973,-0.968061,-0.222151,0.292962,-0.929958,-0.15,0.275,70.0,1.3,474.7,0.076,0.187,-0.078,0.24,0.0,0.43,0.0,0.53,2.38,0.08,1.48,0.34,0.04,0.0,0.35,0.55,0.0,0.49,0.7,0.66,1.0,0.0,0.0,0.0,0.0,0.0,0.0,1.0,0.0,0.0,0.0,0.0,1.0,0.0,0.0,0.0,0.0,1.0
253,254,8.433,0.98,1,-0.122867,0.180703,-0.975833,-0.2158,0.240547,-0.946344,-0.174,0.216,70.1,1.2,473.4,0.069,0.189,-0.077,0.24,0.0,0.38,0.0,0.34,2.28,0.05,1.31,0.13,0.0,0.09,0.32,0.34,0.0,0.45,0.76,0.26,0.0,0.0,0.0,0.0,0.0,0.0,0.0,1.0,0.0,0.0,0.0,0.0,1.0,0.0,0.0,0.0,0.0,0.0
254,255,8.467,0.98,1,-0.145385,0.152248,-0.977591,-0.230191,0.178523,-0.956631,-0.192,0.169,70.2,1.0,474.6,0.072,0.194,-0.07,0.23,0.0,0.34,0.0,0.19,2.4,0.0,1.13,0.03,0.0,0.2,0.29,0.38,0.04,0.23,0.69,0.0,0.0,0.0,0.0,0.0,0.0,0.0,0.0,1.0,0.0,0.0,0.0,0.0,0.0,0.0,0.0,0.0,0.0,0.0
255,256,8.5,0.98,1,-0.139513,0.143004,-0.97984,-0.212062,0.166049,-0.963046,-0.179,0.158,70.4,0.9,473.7,0.069,0.189,-0.068,0.07,0.0,0.28,0.0,0.12,2.28,0.0,0.99,0.0,0.0,0.22,0.23,0.27,0.09,0.22,0.71,0.0,0.0,0.0,0.0,0.0,0.0,0.0,0.0,1.0,0.0,0.0,0.0,0.0,0.0,0.0,0.0,0.0,0.0,0.0
256,257,8.533,0.98,1,-0.131149,0.148593,-0.980163,-0.22669,0.159577,-0.960805,-0.182,0.157,70.7,1.0,473.9,0.077,0.193,-0.07,0.0,0.0,0.2,0.0,0.13,2.35,0.0,1.01,0.0,0.0,0.13,0.17,0.17,0.25,0.07,0.62,0.0,0.0,0.0,0.0,0.0,0.0,0.0,0.0,1.0,0.0,0.0,0.0,0.0,0.0,0.0,0.0,0.0,0.0,0.0
257,258,8.567,0.98,1,-0.143997,0.155214,-0.97733,-0.215692,0.159976,-0.963268,-0.183,0.161,71.0,0.8,474.6,0.077,0.194,-0.071,0.0,0.0,0.11,0.0,0.18,2.2,0.0,0.93,0.02,0.0,0.02,0.25,0.16,0.41,0.07,0.45,0.0,0.0,0.0,0.0,0.0,0.0,0.0,0.0,1.0,0.0,0.0,0.0,0.0,0.0,0.0,0.0,0.0,0.0,0.0
258,259,8.6,0.98,1,-0.140192,0.144701,-0.979494,-0.222885,0.147754,-0.963582,-0.185,0.149,71.2,0.7,473.9,0.073,0.196,-0.07,0.0,0.0,0.03,0.0,0.2,2.09,0.0,1.02,0.05,0.0,0.0,0.34,0.16,0.52,0.01,0.29,0.0,0.0,0.0,0.0,0.0,0.0,0.0,0.0,1.0,0.0,0.0,0.0,0.0,0.0,0.0,0.0,0.0,0.0,0.0
259,260,8.633,0.98,1,-0.135483,0.152078,-0.979039,-0.215643,0.16697,-0.962091,-0.179,0.163,71.7,0.6,474.6,0.074,0.193,-0.068,0.0,0.0,0.01,0.0,0.29,2.03,0.0,1.05,0.09,0.0,0.0,0.42,0.26,0.51,0.04,0.21,0.0,0.0,0.0,0.0,0.0,0.0,0.0,0.0,1.0,0.0,0.0,0.0,0.0,0.0,0.0,0.0,0.0,0.0,0.0
260,261,8.667,0.98,1,-0.121887,0.158571,-0.979795,-0.223809,0.156994,-0.961906,-0.176,0.161,71.7,1.0,472.5,0.083,0.201,-0.065,0.0,0.0,0.06,0.0,0.32,2.04,0.0,1.11,0.07,0.0,0.0,0.36,0.35,0.46,0.14,0.4,0.0,0.0,0.0,0.0,0.0,0.0,0.0,0.0,1.0,0.0,0.0,0.0,0.0,0.0,0.0,0.0,0.0,0.0,0.0
261,262,8.7,0.98,1,-0.136719,0.159468,-0.97769,-0.221344,0.158721,-0.962193,-0.183,0.163,71.8,1.2,470.9,0.082,0.203,-0.068,0.0,0.0,0.05,0.0,0.35,1.98,0.0,1.06,0.06,0.0,0.0,0.4,0.34,0.47,0.14,0.56,0.0,0.0,0.0,0.0,0.0,0.0,0.0,0.0,1.0,0.0,0.0,0.0,1.0,0.0,0.0,0.0,0.0,0.0,0.0
262,263,8.733,0.98,1,-0.137102,0.158703,-0.977761,-0.202879,0.13868,-0.969334,-0.173,0.152,72.0,1.2,470.4,0.082,0.206,-0.07,0.0,0.0,0.05,0.0,0.3,1.89,0.0,0.96,0.03,0.01,0.0,0.46,0.31,0.56,0.1,0.53,0.0,0.0,0.0,0.0,0.0,0.0,0.0,0.0,1.0,0.0,0.0,0.0,1.0,1.0,0.0,0.0,0.0,0.0,0.0
263,264,8.767,0.98,1,-0.129897,0.15667,-0.979072,-0.218682,0.144092,-0.965099,-0.177,0.153,72.3,1.3,471.4,0.082,0.208,-0.068,0.0,0.0,0.03,0.0,0.26,1.75,0.0,0.95,0.08,0.01,0.0,0.62,0.23,0.64,0.0,0.36,0.0,0.0,0.0,0.0,0.0,0.0,0.0,0.0,1.0,0.0,0.0,0.0,1.0,1.0,0.0,0.0,0.0,0.0,0.0
264,265,8.8,0.98,1,-0.13763,0.156588,-0.978028,-0.213442,0.137209,-0.967272,-0.179,0.15,72.2,1.1,471.6,0.074,0.217,-0.067,0.0,0.0,0.12,0.0,0.21,1.51,0.0,0.95,0.14,0.03,0.0,0.76,0.26,0.72,0.0,0.28,0.0,0.0,0.0,0.0,0.0,0.0,0.0,0.0,1.0,0.0,0.0,0.0,1.0,1.0,0.0,0.0,0.0,0.0,0.0
265,266,8.833,0.98,1,-0.146051,0.163188,-0.975725,-0.223763,0.137527,-0.964892,-0.188,0.154,72.5,0.9,472.9,0.079,0.211,-0.067,0.0,0.0,0.19,0.0,0.19,1.38,0.0,0.96,0.18,0.02,0.0,0.94,0.18,0.69,0.0,0.29,0.0,0.0,0.0,0.0,0.0,0.0,0.0,0.0,1.0,0.0,0.0,0.0,1.0,1.0,1.0,0.0,0.0,0.0,0.0
266,267,8.867,0.98,1,-0.139484,0.166464,-0.976132,-0.217808,0.135766,-0.966502,-0.182,0.154,72.3,1.0,472.6,0.078,0.214,-0.066,0.0,0.0,0.2,0.0,0.19,1.22,0.0,0.91,0.21,0.02,0.0,0.91,0.14,0.64,0.0,0.24,0.0,0.0,0.0,0.0,0.0,0.0,0.0,0.0,1.0,0.0,0.0,0.0,1.0,1.0,1.0,0.0,0.0,0.0,0.0
267,268,8.9,0.98,1,-0.137712,0.168791,-0.975984,-0.215939,0.134151,-0.967147,-0.18,0.155,72.0,1.1,472.2,0.075,0.211,-0.061,0.08,0.0,0.26,0.0,0.21,1.17,0.0,1.02,0.21,0.02,0.0,0.72,0.02,0.48,0.0,0.33,0.0,0.0,0.0,0.0,0.0,0.0,0.0,0.0,1.0,0.0,0.0,0.0,1.0,0.0,1.0,0.0,0.0,0.0,0.0
268,269,8.933,0.98,1,-0.143563,0.17135,-0.974694,-0.22513,0.144334,-0.963579,-0.188,0.161,71.6,1.4,472.2,0.09,0.212,-0.061,0.08,0.0,0.26,0.0,0.29,1.22,0.0,1.2,0.26,0.02,0.0,0.49,0.0,0.3,0.18,0.39,0.0,0.0,0.0,0.0,0.0,0.0,0.0,0.0,1.0,0.0,0.0,0.0,1.0,0.0,1.0,0.0,0.0,0.0,0.0
269,270,8.967,0.98,1,-0.135372,0.171931,-0.975763,-0.207991,0.139196,-0.968176,-0.175,0.159,71.1,1.7,472.4,0.097,0.216,-0.061,0.08,0.0,0.32,0.0,0.39,1.41,0.0,1.36,0.32,0.03,0.0,0.31,0.0,0.12,0.38,0.65,0.0,0.0,0.0,0.0,0.0,0.0,0.0,0.0,1.0,0.0,0.0,0.0,0.0,0.0,0.0,1.0,0.0,0.0,0.0
270,271,9.0,0.98,1,-0.138173,0.179209,-0.97406,-0.192745,0.141766,-0.970954,-0.169,0.164,70.9,1.8,472.3,0.1,0.211,-0.061,0.0,0.0,0.34,0.05,0.41,1.51,0.03,1.47,0.32,0.01,0.0,0.32,0.0,0.05,0.58,0.72,0.0,0.0,0.0,0.0,0.0,0.0,0.0,0.0,1.0,0.0,0.0,0.0,0.0,0.0,0.0,1.0,0.0,0.0,0.0
271,272,9.033,0.98,1,-0.145338,0.179332,-0.972994,-0.215014,0.174241,-0.960942,-0.184,0.181,70.1,1.4,470.6,0.101,0.214,-0.058,0.02,0.03,0.42,0.05,0.4,1.57,0.03,1.49,0.36,0.05,0.0,0.24,0.03,0.02,0.54,0.73,0.0,0.0,0.0,0.0,0.0,0.0,0.0,0.0,1.0,0.0,0.0,0.0,0.0,0.0,0.0,1.0,0.0,0.0,0.0
272,273,9.067,0.98,1,-0.143271,0.17393,-0.97428,-0.214493,0.16999,-0.961819,-0.183,0.176,70.1,1.1,472.2,0.104,0.213,-0.057,0.02,0.03,0.42,0.05,0.4,1.41,0.06,1.53,0.4,0.07,0.0,0.18,0.03,0.01,0.51,0.58,0.0,0.0,0.0,0.0,0.0,0.0,0.0,0.0,1.0,0.0,0.0,0.0,0.0,0.0,0.0,1.0,0.0,0.0,0.0
273,274,9.1,0.98,1,-0.144108,0.177857,-0.973447,-0.229427,0.159563,-0.960158,-0.191,0.173,69.9,0.8,471.9,0.106,0.211,-0.057,0.05,0.03,0.42,0.0,0.44,1.5,0.03,1.5,0.38,0.07,0.0,0.13,0.08,0.0,0.42,0.52,0.0,0.0,0.0,0.0,0.0,0.0,0.0,0.0,1.0,0.0,0.0,0.0,0.0,0.0,0.0,1.0,0.0,0.0,0.0
274,275,9.133,0.98,1,-0.110276,0.203175,-0.972913,-0.198018,0.153686,-0.968075,-0.158,0.182,69.6,0.2,470.7,0.1,0.207,-0.056,0.1,0.0,0.39,0.0,0.42,1.27,0.08,1.49,0.34,0.02,0.0,0.19,0.07,0.0,0.43,0.67,0.01,0.0,0.0,0.0,0.0,0.0,0.0,0.0,1.0,0.0,0.0,0.0,0.0,0.0,0.0,1.0,0.0,0.0,0.0
275,276,9.167,0.98,1,-0.075555,0.196057,-0.977677,-0.222856,0.182509,-0.957615,-0.153,0.193,70.0,-0.8,471.6,0.094,0.197,-0.054,0.1,0.0,0.34,0.0,0.4,1.37,0.06,1.46,0.28,0.0,0.0,0.25,0.12,0.04,0.48,0.73,0.02,0.0,0.0,0.0,0.0,0.0,0.0,0.0,1.0,0.0,0.0,0.0,0.0,0.0,0.0,1.0,0.0,0.0,0.0
276,277,9.2,0.98,1,-0.075068,0.195655,-0.977796,-0.210056,0.17341,-0.962188,-0.146,0.188,70.1,-1.1,469.7,0.084,0.189,-0.053,0.08,0.0,0.28,0.0,0.35,1.33,0.11,1.52,0.32,0.0,0.0,0.22,0.12,0.04,0.48,0.74,0.02,0.0,0.0,0.0,0.0,0.0,0.0,0.0,1.0,0.0,0.0,0.0,0.0,0.0,0.0,1.0,0.0,0.0,0.0
277,278,9.233,0.98,1,-0.064609,0.188232,-0.979997,-0.198207,0.159269,-0.967134,-0.134,0.177,70.6,-1.3,468.9,0.08,0.178,-0.059,0.08,0.0,0.17,0.0,0.37,1.62,0.1,1.55,0.37,0.0,0.0,0.18,0.21,0.03,0.56,0.68,0.02,0.0,0.0,0.0,0.0,0.0,0.0,0.0,1.0,0.0,0.0,0.0,0.0,0.0,0.0,1.0,0.0,0.0,0.0
278,279,9.267,0.98,1,-0.081628,0.186527,-0.979053,-0.198469,0.178701,-0.963678,-0.143,0.186,70.9,-1.3,468.7,0.086,0.173,-0.06,0.08,0.0,0.12,0.0,0.42,1.69,0.1,1.75,0.37,0.0,0.0,0.2,0.32,0.0,0.61,0.76,0.0,0.0,0.0,0.0,0.0,0.0,0.0,0.0,1.0,0.0,0.0,0.0,0.0,0.0,0.0,1.0,0.0,0.0,0.0
279,280,9.3,0.98,1,-0.064886,0.18007,-0.981511,-0.198663,0.176848,-0.96398,-0.135,0.181,70.9,-1.2,467.3,0.082,0.168,-0.062,0.09,0.0,0.08,0.0,0.39,1.74,0.05,1.75,0.33,0.0,0.0,0.21,0.34,0.0,0.77,0.78,0.06,0.0,0.0,0.0,0.0,0.0,0.0,0.0,1.0,0.0,0.0,0.0,0.0,0.0,0.0,1.0,0.0,0.0,0.0
280,281,9.333,0.98,1,-0.075758,0.176578,-0.981367,-0.195996,0.167789,-0.966143,-0.139,0.175,71.2,-0.8,468.1,0.079,0.162,-0.06,0.07,0.0,0.06,0.0,0.35,1.6,0.02,1.66,0.3,0.0,0.02,0.22,0.35,0.0,0.77,0.85,0.06,0.0,0.0,0.0,0.0,0.0,0.0,0.0,1.0,0.0,0.0,0.0,0.0,0.0,0.0,1.0,0.0,0.0,0.0
281,282,9.367,0.98,1,-0.08006,0.174026,-0.981481,-0.196516,0.170357,-0.965588,-0.141,0.175,71.4,-0.4,468.9,0.081,0.157,-0.059,0.07,0.0,0.07,0.0,0.32,1.43,0.0,1.58,0.33,0.0,0.02,0.22,0.31,0.0,0.9,0.84,0.13,0.0,0.0,0.0,0.0,0.0,0.0,0.0,1.0,0.0,0.0,0.0,0.0,0.0,0.0,1.0,0.0,0.0,0.0
282,283,9.4,0.98,1,-0.068176,0.186191,-0.980145,-0.204485,0.163155,-0.965177,-0.139,0.178,71.5,-0.1,468.4,0.079,0.153,-0.059,0.14,0.0,0.02,0.04,0.28,1.33,0.0,1.71,0.34,0.0,0.03,0.3,0.35,0.0,0.87,0.98,0.06,0.0,0.0,0.0,0.0,0.0,0.0,0.0,1.0,0.0,0.0,0.0,0.0,0.0,0.0,1.0,0.0,0.0,0.0
283,284,9.433,0.98,1,-0.06157,0.18975,-0.9799,-0.193169,0.143566,-0.970605,-0.13,0.169,71.8,0.2,466.8,0.078,0.145,-0.062,0.09,0.0,0.05,0.04,0.29,1.48,0.0,1.84,0.35,0.0,0.02,0.42,0.23,0.13,0.65,0.83,0.2,0.0,0.0,0.0,0.0,0.0,0.0,0.0,1.0,0.0,0.0,0.0,0.0,0.0,0.0,1.0,0.0,0.0,0.0
284,285,9.467,0.98,1,-0.054454,0.182085,-0.981774,-0.196772,0.161726,-0.967019,-0.128,0.175,72.6,0.3,468.7,0.072,0.136,-0.065,0.09,0.0,0.04,0.04,0.23,1.55,0.0,1.88,0.39,0.0,0.02,0.55,0.12,0.34,0.26,0.66,0.22,0.0,0.0,0.0,0.0,0.0,0.0,0.0,1.0,0.0,0.0,0.0,0.0,0.0,0.0,0.0,0.0,0.0,0.0
285,286,9.5,0.98,1,-0.061454,0.166098,-0.984193,-0.197477,0.166705,-0.966029,-0.132,0.169,73.3,0.4,470.4,0.071,0.135,-0.068,0.0,0.0,0.04,0.0,0.29,1.46,0.0,1.8,0.48,0.0,0.0,0.56,0.0,0.51,0.0,0.34,0.24,0.0,0.0,0.0,0.0,0.0,0.0,0.0,1.0,0.0,0.0,0.0,0.0,0.0,0.0,0.0,0.0,0.0,0.0
286,287,9.533,0.98,1,-0.064744,0.180543,-0.981434,-0.195427,0.183226,-0.96345,-0.133,0.185,73.7,0.7,471.0,0.078,0.134,-0.073,0.03,0.0,0.0,0.0,0.24,1.08,0.0,1.77,0.47,0.0,0.0,0.53,0.0,0.54,0.0,0.25,0.15,0.0,0.0,0.0,0.0,0.0,0.0,0.0,1.0,0.0,0.0,0.0,0.0,0.0,0.0,0.0,0.0,0.0,0.0
287,288,9.567,0.98,1,-0.056842,0.184892,-0.981114,-0.201541,0.194266,-0.960022,-0.132,0.193,74.1,1.0,471.1,0.082,0.128,-0.075,0.03,0.0,0.0,0.0,0.24,1.03,0.0,1.77,0.43,0.0,0.0,0.5,0.0,0.48,0.0,0.28,0.18,0.0,0.0,0.0,0.0,0.0,0.0,0.0,1.0,0.0,0.0,0.0,1.0,0.0,0.0,0.0,0.0,0.0,0.0
288,289,9.6,0.98,1,-0.043588,0.196728,-0.979489,-0.203202,0.182667,-0.961947,-0.126,0.193,74.0,1.4,471.5,0.083,0.137,-0.075,0.03,0.0,0.0,0.0,0.13,1.06,0.0,1.79,0.3,0.0,0.0,0.58,0.0,0.42,0.0,0.43,0.16,0.0,0.0,0.0,0.0,0.0,0.0,0.0,1.0,0.0,0.0,1.0,1.0,0.0,0.0,0.0,0.0,0.0,0.0
289,290,9.633,0.98,1,-0.047949,0.196287,-0.979373,-0.201714,0.188638,-0.961107,-0.128,0.196,74.0,1.6,470.9,0.087,0.135,-0.075,0.02,0.0,0.0,0.0,0.18,1.15,0.0,1.84,0.25,0.0,0.1,0.65,0.0,0.26,0.12,0.58,0.11,0.0,0.0,0.0,0.0,0.0,0.0,0.0,1.0,0.0,0.0,1.0,1.0,0.0,0.0,0.0,0.0,0.0,0.0
290,291,9.667,0.98,1,-0.050768,0.189212,-0.980623,-0.195438,0.194899,-0.961155,-0.126,0.195,74.1,1.9,469.7,0.097,0.133,-0.078,0.02,0.0,0.0,0.0,0.21,1.34,0.0,1.79,0.19,0.0,0.14,0.68,0.0,0.11,0.34,0.75,0.0,0.0,0.0,0.0,0.0,0.0,0.0,0.0,1.0,0.0,0.0,1.0,1.0,0.0,0.0,0.0,0.0,0.0,0.0
291,292,9.7,0.98,1,-0.060019,0.182333,-0.981403,-0.206645,0.193445,-0.959102,-0.137,0.191,74.1,2.0,469.0,0.096,0.136,-0.077,0.02,0.0,0.0,0.0,0.31,1.37,0.0,1.69,0.26,0.0,0.2,0.66,0.0,0.0,0.56,0.75,0.0,0.0,0.0,0.0,0.0,0.0,0.0,0.0,1.0,0.0,0.0,1.0,1.0,0.0,0.0,0.0,0.0,0.0,0.0
292,293,9.733,0.98,1,-0.059835,0.176264,-0.982523,-0.209542,0.187067,-0.959738,-0.138,0.185,74.6,1.6,470.0,0.093,0.135,-0.076,0.0,0.0,0.0,0.0,0.34,1.5,0.0,1.57,0.33,0.0,0.11,0.66,0.08,0.04,0.61,0.64,0.0,0.0,0.0,0.0,0.0,0.0,0.0,0.0,1.0,0.0,0.0,0.0,1.0,0.0,0.0,0.0,0.0,0.0,0.0
293,294,9.767,0.98,1,-0.056071,0.181123,-0.981861,-0.21227,0.190445,-0.958474,-0.137,0.189,75.1,1.4,470.9,0.091,0.135,-0.077,0.0,0.0,0.0,0.0,0.44,1.42,0.0,1.54,0.38,0.0,0.12,0.58,0.13,0.09,0.56,0.5,0.0,0.0,0.0,0.0,0.0,0.0,0.0,0.0,1.0,0.0,0.0,0.0,1.0,0.0,0.0,0.0,0.0,0.0,0.0
294,295,9.8,0.98,1,-0.055716,0.158126,-0.985846,-0.217293,0.185831,-0.958254,-0.14,0.175,75.3,1.5,471.5,0.09,0.137,-0.074,0.0,0.0,0.0,0.0,0.55,1.65,0.0,1.6,0.45,0.0,0.17,0.53,0.25,0.15,0.46,0.34,0.0,0.0,0.0,0.0,0.0,0.0,0.0,0.0,1.0,0.0,0.0,0.0,1.0,0.0,0.0,0.0,0.0,0.0,0.0
295,296,9.833,0.98,1,-0.059211,0.167817,-0.984038,-0.201203,0.19714,-0.959507,-0.133,0.186,75.4,1.9,470.5,0.098,0.134,-0.072,0.0,0.0,0.0,0.0,0.64,1.78,0.0,1.69,0.48,0.0,0.27,0.41,0.18,0.11,0.47,0.28,0.0,0.0,0.0,0.0,0.0,0.0,0.0,0.0,1.0,0.0,0.0,0.0,1.0,0.0,0.0,0.0,0.0,0.0,0.0
296,297,9.867,0.98,1,-0.054114,0.167912,-0.984316,-0.200301,0.201923,-0.9587,-0.13,0.188,76.0,2.3,473.2,0.109,0.132,-0.067,0.0,0.0,0.0,0.0,0.63,1.82,0.0,1.76,0.53,0.0,0.34,0.37,0.18,0.06,0.68,0.34,0.0,0.0,0.0,0.0,0.0,0.0,0.0,0.0,1.0,0.0,0.0,0.0,0.0,0.0,0.0,0.0,0.0,0.0,0.0
297,298,9.9,0.98,1,-0.065,0.175923,-0.982256,-0.186816,0.190946,-0.963659,-0.129,0.186,75.3,3.1,468.7,0.111,0.122,-0.062,0.0,0.0,0.0,0.0,0.63,1.81,0.0,1.81,0.52,0.0,0.29,0.36,0.09,0.0,0.86,0.5,0.0,0.0,0.0,0.0,0.0,0.0,0.0,0.0,1.0,0.0,0.0,1.0,0.0,0.0,0.0,1.0,0.0,0.0,0.0
298,299,9.933,0.98,1,-0.035015,0.182704,-0.982544,-0.187256,0.185771,-0.964585,-0.114,0.187,75.3,3.4,467.8,0.107,0.116,-0.056,0.0,0.0,0.04,0.0,0.69,1.7,0.0,1.88,0.59,0.0,0.19,0.47,0.07,0.0,0.97,0.69,0.0,0.0,0.0,0.0,0.0,0.0,0.0,0.0,1.0,0.0,0.0,1.0,0.0,0.0,0.0,1.0,0.0,0.0,0.0
299,300,9.967,0.98,1,-0.041304,0.178897,-0.983,-0.184582,0.186932,-0.964876,-0.115,0.186,75.5,3.4,469.2,0.108,0.119,-0.054,0.0,0.0,0.04,0.0,0.79,1.74,0.0,1.8,0.66,0.0,0.07,0.51,0.13,0.04,0.86,0.71,0.0,0.0,0.0,0.0,0.0,0.0,0.0,0.0,1.0,1.0,0.0,1.0,0.0,0.0,0.0,1.0,0.0,0.0,0.0
300,301,10.0,0.98,1,-0.042524,0.169093,-0.984682,-0.17825,0.178539,-0.967652,-0.113,0.176,75.7,3.2,468.8,0.096,0.117,-0.053,0.0,0.0,0.04,0.0,0.86,1.68,0.02,1.75,0.74,0.0,0.04,0.48,0.2,0.07,0.84,0.7,0.0,0.0,0.0,0.0,0.0,0.0,0.0,0.0,1.0,1.0,0.0,1.0,0.0,0.0,0.0,1.0,0.0,0.0,0.0
301,302,10.033,0.98,1,-0.041412,0.170631,-0.984464,-0.179403,0.190549,-0.965145,-0.113,0.183,75.9,3.1,469.5,0.092,0.116,-0.051,0.0,0.0,0.0,0.0,0.87,1.7,0.02,1.58,0.68,0.0,0.04,0.42,0.31,0.15,0.84,0.66,0.0,0.0,0.0,0.0,0.0,0.0,0.0,0.0,1.0,1.0,0.0,1.0,0.0,0.0,0.0,1.0,0.0,0.0,0.0
302,303,10.067,0.98,1,-0.041393,0.169811,-0.984607,-0.192452,0.207154,-0.959192,-0.12,0.192,76.0,3.1,469.8,0.093,0.119,-0.051,0.03,0.0,0.0,0.0,0.75,1.59,0.02,1.52,0.65,0.0,0.07,0.35,0.26,0.15,0.88,0.63,0.0,0.0,0.0,0.0,0.0,0.0,0.0,0.0,1.0,1.0,0.0,1.0,0.0,0.0,0.0,1.0,0.0,0.0,0.0
303,304,10.1,0.98,1,-0.049454,0.164102,-0.985203,-0.184825,0.164487,-0.968908,-0.119,0.167,76.1,3.1,470.0,0.089,0.118,-0.049,0.16,0.0,0.02,0.0,0.59,1.6,0.0,1.47,0.64,0.01,0.11,0.4,0.19,0.12,0.96,0.71,0.33,0.0,0.0,0.0,0.0,0.0,1.0,0.0,1.0,1.0,0.0,1.0,0.0,0.0,0.0,0.0,0.0,0.0,0.0
304,305,10.133,0.98,1,-0.084512,0.303464,-0.949088,-0.185716,0.268483,-0.945212,-0.142,0.293,76.9,3.5,474.9,0.084,0.117,-0.047,0.5,0.03,0.02,0.05,0.4,1.72,0.02,1.66,0.67,0.01,0.11,0.51,0.26,0.04,1.05,0.69,0.89,0.0,0.0,0.0,0.0,0.0,1.0,0.0,1.0,1.0,0.0,1.0,0.0,0.0,0.0,0.0,0.0,0.0,1.0
305,306,10.167,0.98,1,0.008938,0.321763,-0.946778,-0.319253,0.339109,-0.884919,-0.168,0.346,77.7,3.8,479.7,0.088,0.123,-0.044,0.75,0.06,0.12,0.2,0.37,1.98,0.06,1.78,0.63,0.01,0.15,0.59,0.29,0.0,1.09,0.54,1.39,0.0,0.0,0.0,0.0,0.0,1.0,0.0,1.0,0.0,0.0,1.0,0.0,0.0,0.0,0.0,0.0,0.0,1.0
306,307,10.2,0.98,1,-0.003257,0.319995,-0.947414,-0.249196,0.330224,-0.910414,-0.135,0.337,77.7,3.2,478.7,0.08,0.122,-0.042,0.78,0.06,0.27,0.21,0.39,2.28,0.1,1.81,0.54,0.0,0.19,0.57,0.26,0.0,0.99,0.31,1.52,0.0,0.0,0.0,0.0,0.0,1.0,0.0,1.0,0.0,0.0,0.0,0.0,0.0,0.0,0.0,0.0,0.0,1.0
307,308,10.233,0.98,1,-0.06859,0.315585,-0.946415,-0.217509,0.325941,-0.920029,-0.152,0.331,76.8,2.7,472.3,0.076,0.125,-0.038,0.51,0.03,0.34,0.15,0.41,2.38,0.1,1.65,0.46,0.0,0.36,0.4,0.19,0.0,0.81,0.22,1.17,0.0,0.0,0.0,0.0,0.0,1.0,0.0,1.0,0.0,0.0,0.0,0.0,0.0,0.0,0.0,0.0,0.0,1.0
308,309,10.267,0.98,1,-0.085627,0.265324,-0.960349,-0.184512,0.298524,-0.936397,-0.141,0.289,77.1,2.6,473.6,0.081,0.128,-0.035,0.23,0.0,0.32,0.01,0.46,2.41,0.08,1.57,0.41,0.0,0.3,0.29,0.13,0.0,0.71,0.25,0.81,0.0,0.0,0.0,0.0,0.0,1.0,0.0,1.0,0.0,0.0,0.0,0.0,0.0,0.0,0.0,0.0,0.0,1.0
309,310,10.3,0.98,1,-0.084696,0.239392,-0.967222,-0.190094,0.260945,-0.946452,-0.143,0.256,76.7,2.6,471.0,0.078,0.129,-0.035,0.07,0.0,0.25,0.0,0.49,2.28,0.1,1.56,0.37,0.0,0.33,0.16,0.13,0.0,0.7,0.25,0.39,0.0,0.0,0.0,0.0,0.0,1.0,0.0,1.0,0.0,0.0,0.0,0.0,0.0,0.0,0.0,0.0,0.0,1.0
310,311,10.333,0.98,1,-0.088192,0.217281,-0.972117,-0.205418,0.230807,-0.951069,-0.151,0.229,76.3,2.6,469.7,0.078,0.13,-0.033,0.08,0.0,0.27,0.0,0.54,2.23,0.08,1.59,0.35,0.0,0.31,0.22,0.03,0.0,0.76,0.19,0.17,0.0,0.0,0.0,0.0,0.0,1.0,0.0,1.0,0.0,0.0,0.0,0.0,0.0,0.0,0.0,0.0,0.0,1.0
311,312,10.367,0.98,1,-0.090202,0.201651,-0.975295,-0.205791,0.235383,-0.949866,-0.153,0.223,76.1,2.9,468.8,0.088,0.132,-0.035,0.07,0.0,0.19,0.0,0.49,2.19,0.1,1.55,0.31,0.0,0.31,0.2,0.0,0.0,0.95,0.24,0.07,0.0,0.0,0.0,0.0,0.0,1.0,0.0,1.0,0.0,0.0,0.0,0.0,0.0,0.0,0.0,0.0,0.0,1.0
312,313,10.4,0.98,1,-0.088279,0.19526,-0.97677,-0.191675,0.223554,-0.955659,-0.144,0.213,76.1,3.0,468.9,0.087,0.127,-0.033,0.07,0.0,0.14,0.0,0.49,2.17,0.04,1.47,0.32,0.0,0.38,0.31,0.1,0.0,0.94,0.25,0.04,0.0,0.0,0.0,0.0,0.0,1.0,0.0,1.0,0.0,0.0,0.0,0.0,0.0,0.0,0.0,0.0,0.0,1.0
313,314,10.433,0.98,1,-0.068862,0.178427,-0.981541,-0.162382,0.207953,-0.964566,-0.118,0.196,75.7,3.1,467.5,0.086,0.131,-0.035,0.03,0.0,0.18,0.0,0.59,2.34,0.04,1.44,0.35,0.0,0.35,0.22,0.21,0.0,0.88,0.25,0.04,0.0,0.0,0.0,0.0,0.0,1.0,0.0,1.0,0.0,0.0,0.0,0.0,0.0,0.0,1.0,0.0,0.0,1.0
314,315,10.467,0.98,1,-0.069705,0.180213,-0.981155,-0.170229,0.204774,-0.963893,-0.123,0.195,75.7,3.2,468.3,0.096,0.133,-0.037,0.03,0.0,0.31,0.02,0.69,2.28,0.0,1.43,0.38,0.0,0.36,0.24,0.26,0.0,0.9,0.21,0.0,0.0,0.0,0.0,0.0,0.0,1.0,0.0,1.0,0.0,0.0,0.0,0.0,0.0,0.0,1.0,0.0,0.0,1.0
315,316,10.5,0.98,1,-0.064872,0.179148,-0.981681,-0.161203,0.203799,-0.96565,-0.116,0.194,75.5,3.4,466.9,0.093,0.131,-0.037,0.03,0.0,0.26,0.02,0.71,2.45,0.0,1.44,0.38,0.0,0.33,0.19,0.16,0.0,1.0,0.22,0.0,0.0,0.0,0.0,0.0,0.0,1.0,0.0,1.0,0.0,0.0,0.0,0.0,0.0,0.0,1.0,0.0,0.0,1.0
316,317,10.533,0.98,1,-0.062516,0.180917,-0.98151,-0.151167,0.202076,-0.967633,-0.109,0.194,75.4,3.5,466.5,0.089,0.131,-0.035,0.0,0.0,0.23,0.03,0.67,2.25,0.0,1.4,0.38,0.0,0.31,0.33,0.08,0.0,1.1,0.32,0.0,0.0,0.0,0.0,0.0,0.0,1.0,0.0,1.0,0.0,0.0,0.0,0.0,0.0,0.0,1.0,0.0,0.0,0.0
317,318,10.567,0.98,1,-0.06015,0.190323,-0.979877,-0.161938,0.192927,-0.967758,-0.114,0.194,75.4,3.6,466.4,0.094,0.129,-0.035,0.0,0.0,0.17,0.07,0.65,2.36,0.0,1.41,0.39,0.0,0.34,0.34,0.06,0.0,1.12,0.37,0.07,0.0,0.0,0.0,0.0,0.0,1.0,0.0,1.0,0.0,0.0,0.0,0.0,0.0,0.0,1.0,0.0,0.0,0.0
318,319,10.6,0.98,1,-0.065288,0.185149,-0.980539,-0.159874,0.198555,-0.966962,-0.115,0.195,75.5,3.8,466.6,0.097,0.127,-0.033,0.0,0.0,0.27,0.13,0.65,2.25,0.0,1.49,0.38,0.0,0.29,0.39,0.1,0.0,1.08,0.38,0.07,0.0,0.0,0.0,0.0,0.0,1.0,0.0,1.0,0.0,0.0,1.0,0.0,0.0,0.0,1.0,0.0,0.0,0.0
319,320,10.633,0.98,1,-0.058883,0.182599,-0.981423,-0.154072,0.197304,-0.96816,-0.109,0.192,75.5,3.7,467.0,0.09,0.13,-0.033,0.0,0.0,0.28,0.13,0.64,2.25,0.0,1.56,0.41,0.0,0.4,0.37,0.1,0.0,1.09,0.35,0.07,0.0,0.0,0.0,0.0,0.0,1.0,0.0,1.0,0.0,0.0,0.0,0.0,0.0,0.0,1.0,0.0,0.0,0.0
320,321,10.667,0.98,1,-0.061907,0.179856,-0.981743,-0.16205,0.1918,-0.967963,-0.114,0.188,75.6,3.6,468.4,0.092,0.124,-0.03,0.0,0.0,0.22,0.07,0.64,2.22,0.0,1.56,0.43,0.0,0.39,0.33,0.13,0.0,0.92,0.3,0.0,0.0,0.0,0.0,0.0,0.0,1.0,0.0,1.0,0.0,0.0,0.0,0.0,0.0,0.0,1.0,0.0,0.0,0.0
321,322,10.7,0.98,1,-0.058262,0.172432,-0.983297,-0.159201,0.184714,-0.969812,-0.111,0.181,75.6,3.4,468.5,0.087,0.123,-0.032,0.0,0.0,0.12,0.0,0.67,2.16,0.0,1.51,0.43,0.0,0.26,0.22,0.08,0.0,0.85,0.21,0.0,0.0,0.0,0.0,0.0,0.0,1.0,0.0,1.0,0.0,0.0,0.0,0.0,0.0,0.0,0.0,0.0,0.0,0.0
322,323,10.733,0.98,1,-0.05701,0.174793,-0.982953,-0.170845,0.189843,-0.966836,-0.116,0.185,75.5,3.2,468.4,0.084,0.128,-0.032,0.0,0.0,0.14,0.0,0.68,2.22,0.0,1.47,0.41,0.0,0.15,0.17,0.06,0.0,0.78,0.18,0.0,0.0,0.0,0.0,0.0,0.0,1.0,0.0,1.0,0.0,0.0,0.0,0.0,0.0,0.0,0.0,0.0,0.0,0.0
323,324,10.767,0.98,1,-0.062249,0.170322,-0.98342,-0.184514,0.186996,-0.964877,-0.126,0.181,75.4,3.1,468.9,0.08,0.132,-0.031,0.0,0.0,0.14,0.0,0.69,2.25,0.01,1.51,0.4,0.0,0.12,0.23,0.0,0.0,0.73,0.08,0.0,0.0,0.0,0.0,0.0,0.0,1.0,0.0,1.0,0.0,0.0,0.0,0.0,0.0,0.0,0.0,0.0,0.0,0.0
324,325,10.8,0.98,1,-0.067842,0.17277,-0.982623,-0.191191,0.192844,-0.962423,-0.132,0.186,75.3,2.8,467.8,0.081,0.131,-0.033,0.0,0.0,0.14,0.0,0.68,2.37,0.01,1.62,0.43,0.0,0.13,0.25,0.0,0.0,0.87,0.21,0.0,0.0,0.0,0.0,0.0,0.0,1.0,0.0,1.0,0.0,0.0,0.0,0.0,0.0,0.0,0.0,0.0,0.0,0.0
325,326,10.833,0.98,1,-0.065432,0.163241,-0.984414,-0.218861,0.189663,-0.957146,-0.145,0.18,75.0,2.6,467.3,0.078,0.133,-0.034,0.0,0.0,0.0,0.0,0.7,2.41,0.01,1.64,0.47,0.0,0.15,0.14,0.0,0.0,0.9,0.19,0.0,0.0,0.0,0.0,0.0,0.0,1.0,0.0,1.0,0.0,0.0,0.0,0.0,0.0,0.0,0.0,0.0,0.0,0.0
326,327,10.867,0.98,1,-0.066342,0.182472,-0.98097,-0.214373,0.199486,-0.956164,-0.144,0.195,74.9,2.2,467.2,0.083,0.134,-0.035,0.0,0.0,0.0,0.0,0.67,2.33,0.0,1.66,0.51,0.0,0.12,0.14,0.0,0.0,1.1,0.35,0.0,0.0,0.0,0.0,0.0,0.0,1.0,0.0,1.0,0.0,0.0,0.0,0.0,0.0,0.0,0.0,0.0,0.0,0.0
327,328,10.9,0.98,1,-0.068175,0.168194,-0.983393,-0.199542,0.199721,-0.95932,-0.137,0.187,74.7,1.7,466.1,0.071,0.136,-0.034,0.0,0.0,0.0,0.0,0.72,2.25,0.01,1.65,0.5,0.0,0.21,0.32,0.04,0.0,1.07,0.41,0.0,0.0,0.0,0.0,0.0,0.0,1.0,0.0,1.0,0.0,0.0,0.0,0.0,0.0,0.0,0.0,0.0,0.0,0.0
328,329,10.933,0.98,1,-0.074412,0.1701,-0.982613,-0.192975,0.190594,-0.962515,-0.137,0.183,74.3,1.5,466.8,0.072,0.148,-0.031,0.06,0.0,0.11,0.0,0.73,2.15,0.01,1.55,0.38,0.0,0.16,0.39,0.08,0.0,1.06,0.55,0.0,0.0,0.0,0.0,0.0,0.0,1.0,0.0,1.0,0.0,0.0,0.0,0.0,0.0,0.0,1.0,0.0,0.0,0.0
329,330,10.967,0.98,1,-0.069134,0.171812,-0.982701,-0.212361,0.192748,-0.957993,-0.144,0.186,74.0,1.5,466.5,0.078,0.154,-0.031,0.06,0.0,0.19,0.0,0.75,2.19,0.01,1.6,0.39,0.0,0.23,0.35,0.08,0.0,0.92,0.7,0.0,0.0,0.0,0.0,0.0,0.0,1.0,0.0,1.0,0.0,0.0,0.0,0.0,0.0,0.0,1.0,0.0,0.0,0.0
330,331,11.0,0.98,1,-0.073072,0.172889,-0.982227,-0.213293,0.190508,-0.958234,-0.147,0.185,73.7,2.0,464.5,0.084,0.159,-0.035,0.06,0.0,0.22,0.0,0.79,2.19,0.03,1.55,0.39,0.0,0.15,0.23,0.05,0.0,0.85,1.0,0.0,0.0,0.0,0.0,0.0,0.0,1.0,0.0,1.0,1.0,0.0,0.0,0.0,0.0,0.0,1.0,0.0,0.0,0.0
331,332,11.033,0.98,1,-0.082961,0.204381,-0.97537,-0.205546,0.189929,-0.96004,-0.148,0.201,73.5,2.6,462.7,0.088,0.158,-0.038,0.01,0.0,0.15,0.0,0.84,2.27,0.03,1.68,0.52,0.0,0.19,0.36,0.03,0.0,0.94,1.17,0.0,0.0,0.0,0.0,0.0,0.0,1.0,0.0,1.0,1.0,0.0,0.0,0.0,0.0,0.0,1.0,0.0,0.0,0.0
332,333,11.067,0.98,1,-0.085394,0.210056,-0.973953,-0.199863,0.209184,-0.957234,-0.147,0.214,73.6,3.1,463.6,0.102,0.164,-0.041,0.01,0.0,0.08,0.0,0.84,2.2,0.03,1.6,0.52,0.0,0.12,0.45,0.06,0.0,1.05,1.22,0.0,0.0,0.0,0.0,0.0,0.0,1.0,0.0,1.0,1.0,0.0,0.0,0.0,0.0,0.0,1.0,0.0,0.0,0.0
333,334,11.1,0.98,1,-0.079703,0.201196,-0.976303,-0.215359,0.217294,-0.952052,-0.152,0.214,73.5,3.5,464.1,0.103,0.168,-0.039,0.01,0.0,0.04,0.0,0.75,2.4,0.0,1.56,0.55,0.0,0.1,0.46,0.12,0.0,1.02,1.13,0.0,0.0,0.0,0.0,0.0,0.0,1.0,0.0,1.0,1.0,0.0,0.0,0.0,0.0,0.0,1.0,0.0,0.0,0.0
334,335,11.133,0.98,1,-0.08506,0.203945,-0.97528,-0.206282,0.20334,-0.957131,-0.15,0.208,73.2,3.8,464.0,0.097,0.173,-0.036,0.0,0.0,0.03,0.0,0.73,2.44,0.0,1.59,0.53,0.0,0.02,0.4,0.17,0.0,0.92,1.04,0.0,0.0,0.0,0.0,0.0,0.0,1.0,0.0,1.0,1.0,0.0,0.0,0.0,0.0,0.0,1.0,0.0,0.0,0.0
335,336,11.167,0.98,1,-0.088214,0.204673,-0.974847,-0.208807,0.212945,-0.954491,-0.153,0.213,73.3,4.3,464.9,0.109,0.172,-0.036,0.0,0.0,0.04,0.0,0.75,2.43,0.0,1.65,0.56,0.05,0.0,0.38,0.15,0.0,0.83,0.99,0.0,0.0,0.0,0.0,0.0,0.0,1.0,0.0,1.0,1.0,0.0,0.0,0.0,0.0,0.0,1.0,0.0,0.0,0.0
336,337,11.2,0.98,1,-0.089413,0.202703,-0.97515,-0.203831,0.196953,-0.95899,-0.15,0.204,73.1,4.4,465.2,0.102,0.172,-0.033,0.0,0.0,0.04,0.0,0.75,2.06,0.0,1.73,0.58,0.06,0.06,0.43,0.06,0.0,0.87,0.88,0.0,0.0,0.0,0.0,0.0,0.0,1.0,0.0,1.0,1.0,0.0,0.0,0.0,0.0,0.0,1.0,0.0,0.0,0.0
337,338,11.233,0.98,1,-0.090262,0.207923,-0.973972,-0.217751,0.195612,-0.956201,-0.158,0.206,72.8,4.2,465.2,0.096,0.176,-0.03,0.0,0.0,0.11,0.0,0.71,1.78,0.0,1.71,0.56,0.11,0.08,0.47,0.0,0.0,0.84,0.96,0.0,0.0,0.0,0.0,0.0,0.0,1.0,0.0,1.0,1.0,0.0,0.0,0.0,0.0,0.0,1.0,0.0,0.0,0.0
338,339,11.267,0.98,1,-0.094375,0.19296,-0.976657,-0.211731,0.190003,-0.958681,-0.157,0.195,72.7,3.7,466.2,0.092,0.176,-0.024,0.02,0.0,0.22,0.0,0.65,1.77,0.0,1.7,0.49,0.05,0.14,0.58,0.0,0.0,0.83,1.08,0.0,0.0,0.0,0.0,0.0,0.0,1.0,0.0,1.0,1.0,0.0,0.0,1.0,0.0,0.0,1.0,1.0,0.0,0.0
339,340,11.3,0.98,1,-0.083213,0.180586,-0.980033,-0.233061,0.186077,-0.954493,-0.162,0.187,72.6,3.3,466.3,0.087,0.175,-0.02,0.02,0.0,0.24,0.0,0.6,1.72,0.0,1.65,0.42,0.05,0.21,0.69,0.0,0.0,0.76,1.28,0.0,0.0,0.0,0.0,0.0,0.0,1.0,0.0,1.0,1.0,0.0,0.0,1.0,0.0,0.0,1.0,1.0,0.0,0.0
340,341,11.333,0.98,1,-0.101151,0.187081,-0.977123,-0.218432,0.183706,-0.958405,-0.164,0.189,72.5,2.9,465.5,0.083,0.175,-0.018,0.02,0.0,0.25,0.0,0.56,1.77,0.0,1.71,0.32,0.0,0.25,0.72,0.04,0.0,0.82,1.23,0.0,0.0,0.0,0.0,0.0,0.0,1.0,0.0,1.0,0.0,0.0,0.0,1.0,0.0,0.0,1.0,1.0,0.0,0.0
341,342,11.367,0.98,1,-0.091102,0.184354,-0.978629,-0.21539,0.189208,-0.958023,-0.157,0.191,72.6,2.6,466.9,0.083,0.17,-0.011,0.04,0.0,0.27,0.0,0.55,1.73,0.0,1.82,0.25,0.0,0.21,0.73,0.04,0.0,0.84,1.2,0.0,0.0,0.0,0.0,0.0,0.0,1.0,0.0,1.0,0.0,0.0,0.0,1.0,0.0,0.0,1.0,1.0,0.0,0.0
342,343,11.4,0.98,1,-0.088465,0.182333,-0.979249,-0.232651,0.191141,-0.953592,-0.165,0.191,72.2,2.3,465.9,0.075,0.174,-0.007,0.04,0.0,0.45,0.0,0.62,1.92,0.0,1.96,0.25,0.0,0.13,0.73,0.04,0.0,0.91,1.11,0.0,0.0,0.0,0.0,0.0,0.0,1.0,0.0,1.0,0.0,0.0,0.0,1.0,0.0,0.0,1.0,1.0,0.0,0.0
343,344,11.433,0.98,1,-0.084211,0.186119,-0.978912,-0.232514,0.186815,-0.954483,-0.162,0.191,71.9,2.1,465.0,0.073,0.174,-0.006,0.04,0.0,0.39,0.0,0.65,2.05,0.0,2.0,0.26,0.0,0.12,0.75,0.0,0.0,0.95,1.19,0.0,0.0,0.0,0.0,0.0,0.0,1.0,0.0,1.0,0.0,0.0,0.0,1.0,0.0,0.0,1.0,1.0,0.0,0.0
344,345,11.467,0.98,1,-0.098207,0.180837,-0.978598,-0.222043,0.190363,-0.956273,-0.164,0.19,72.1,1.9,466.2,0.075,0.173,-0.008,0.01,0.0,0.33,0.0,0.62,2.08,0.0,1.96,0.29,0.0,0.1,0.72,0.0,0.0,1.01,1.16,0.0,0.0,0.0,0.0,0.0,0.0,1.0,0.0,1.0,0.0,0.0,0.0,1.0,0.0,0.0,1.0,1.0,0.0,0.0
345,346,11.5,0.98,1,-0.087877,0.198665,-0.97612,-0.217064,0.190749,-0.957339,-0.156,0.199,72.0,2.0,465.5,0.074,0.169,-0.004,0.01,0.0,0.15,0.0,0.59,2.18,0.0,1.86,0.25,0.0,0.17,0.58,0.1,0.0,1.08,1.13,0.0,0.0,0.0,0.0,0.0,0.0,1.0,0.0,1.0,0.0,0.0,0.0,1.0,0.0,0.0,1.0,1.0,0.0,0.0
346,347,11.533,0.98,1,-0.101928,0.17585,-0.979126,-0.228465,0.191645,-0.954503,-0.169,0.188,72.0,2.3,466.1,0.075,0.172,-0.006,0.04,0.0,0.13,0.0,0.54,2.06,0.0,1.67,0.23,0.0,0.21,0.57,0.1,0.0,0.97,1.15,0.0,0.0,0.0,0.0,0.0,0.0,1.0,0.0,1.0,0.0,0.0,0.0,1.0,0.0,0.0,1.0,0.0,0.0,0.0
347,348,11.567,0.98,1,-0.100559,0.184722,-0.977633,-0.231201,0.19773,-0.952601,-0.17,0.196,72.2,2.3,467.3,0.082,0.173,-0.006,0.08,0.0,0.08,0.0,0.5,1.94,0.0,1.55,0.17,0.0,0.23,0.59,0.12,0.0,0.88,1.05,0.0,0.0,0.0,0.0,0.0,0.0,0.0,0.0,1.0,0.0,0.0,0.0,1.0,0.0,0.0,1.0,0.0,0.0,0.0
348,349,11.6,0.98,1,-0.090678,0.186991,-0.978168,-0.218146,0.2059,-0.953948,-0.158,0.201,72.5,2.6,468.2,0.088,0.168,-0.007,0.08,0.0,0.1,0.0,0.47,1.6,0.0,1.51,0.15,0.0,0.12,0.65,0.02,0.0,0.85,0.95,0.0,0.0,0.0,0.0,0.0,0.0,0.0,0.0,1.0,0.0,0.0,0.0,1.0,0.0,0.0,1.0,0.0,0.0,0.0
349,350,11.633,0.98,1,-0.095965,0.18949,-0.977182,-0.227968,0.198256,-0.953271,-0.166,0.198,72.5,2.7,468.3,0.087,0.17,-0.009,0.04,0.0,0.14,0.0,0.48,1.53,0.0,1.58,0.16,0.0,0.07,0.64,0.03,0.0,0.9,0.73,0.0,0.0,0.0,0.0,0.0,0.0,0.0,0.0,1.0,0.0,0.0,0.0,1.0,0.0,0.0,1.0,0.0,0.0,0.0
350,351,11.667,0.98,1,-0.090233,0.192349,-0.977169,-0.227422,0.20194,-0.952628,-0.163,0.202,72.5,2.7,468.5,0.093,0.174,-0.015,0.0,0.0,0.26,0.0,0.5,1.56,0.0,1.52,0.15,0.0,0.17,0.56,0.05,0.0,0.96,0.68,0.0,0.0,0.0,0.0,0.0,0.0,0.0,0.0,1.0,0.0,0.0,0.0,1.0,0.0,0.0,1.0,0.0,0.0,0.0
351,352,11.7,0.98,1,-0.095506,0.191643,-0.976807,-0.23527,0.205407,-0.949977,-0.17,0.203,72.5,2.9,468.9,0.091,0.176,-0.016,0.0,0.0,0.26,0.0,0.49,1.62,0.0,1.61,0.13,0.0,0.31,0.54,0.05,0.0,1.04,0.61,0.0,0.0,0.0,0.0,0.0,0.0,0.0,0.0,1.0,0.0,0.0,0.0,1.0,0.0,0.0,1.0,0.0,0.0,0.0
352,353,11.733,0.98,1,-0.09499,0.174265,-0.980106,-0.232223,0.198232,-0.952248,-0.168,0.19,72.4,3.1,468.4,0.089,0.174,-0.02,0.09,0.0,0.29,0.0,0.45,1.73,0.0,1.42,0.11,0.0,0.26,0.42,0.04,0.0,1.13,0.68,0.0,0.0,0.0,0.0,0.0,0.0,0.0,0.0,1.0,0.0,0.0,0.0,1.0,0.0,0.0,1.0,0.0,0.0,0.0
353,354,11.767,0.98,1,-0.092306,0.190175,-0.977401,-0.226736,0.205755,-0.951975,-0.164,0.202,72.9,3.5,472.2,0.1,0.179,-0.025,0.4,0.0,0.32,0.0,0.35,1.92,0.05,1.41,0.08,0.0,0.14,0.28,0.0,0.0,1.26,0.51,0.46,0.0,0.0,0.0,0.0,0.0,0.0,0.0,1.0,0.0,0.0,0.0,1.0,0.0,0.0,1.0,0.0,0.0,0.0
354,355,11.8,0.98,1,-0.056496,0.310031,-0.949046,-0.303619,0.300418,-0.904193,-0.192,0.318,74.1,4.2,479.9,0.1,0.188,-0.026,0.81,0.07,0.42,0.0,0.21,1.87,0.06,1.25,0.09,0.0,0.17,0.23,0.0,0.0,1.34,0.44,1.0,0.0,0.0,0.0,0.0,0.0,0.0,0.0,1.0,0.0,0.0,0.0,0.0,0.0,0.0,1.0,0.0,0.0,1.0
355,356,11.833,0.98,1,-0.033582,0.312348,-0.949374,-0.313813,0.31081,-0.897172,-0.186,0.325,74.1,4.4,480.2,0.094,0.19,-0.028,1.03,0.07,0.52,0.0,0.2,2.01,0.06,1.34,0.09,0.0,0.24,0.22,0.0,0.0,1.48,0.24,1.46,0.0,0.0,0.0,0.0,0.0,0.0,0.0,1.0,0.0,0.0,0.0,0.0,0.0,0.0,1.0,0.0,0.0,1.0
356,357,11.867,0.98,1,-0.074078,0.323426,-0.943349,-0.301643,0.323128,-0.896995,-0.201,0.338,73.7,4.1,476.8,0.099,0.188,-0.034,0.82,0.09,0.52,0.0,0.28,1.96,0.01,1.26,0.17,0.0,0.3,0.22,0.0,0.0,1.45,0.26,1.51,0.0,0.0,0.0,0.0,0.0,1.0,0.0,1.0,0.0,0.0,0.0,0.0,0.0,0.0,1.0,0.0,0.0,1.0
357,358,11.9,0.98,1,-0.09144,0.278621,-0.956038,-0.29885,0.324693,-0.897364,-0.208,0.315,73.5,3.9,474.8,0.1,0.185,-0.032,0.43,0.02,0.47,0.0,0.43,2.01,0.0,1.28,0.18,0.0,0.24,0.23,0.0,0.0,1.41,0.32,1.26,0.0,0.0,0.0,0.0,0.0,1.0,0.0,1.0,0.0,0.0,0.0,0.0,0.0,0.0,1.0,0.0,0.0,1.0
358,359,11.933,0.98,1,-0.091,0.285135,-0.954158,-0.269751,0.304729,-0.913441,-0.191,0.306,73.3,3.9,472.3,0.088,0.18,-0.035,0.23,0.02,0.41,0.0,0.5,1.87,0.0,1.17,0.21,0.0,0.17,0.25,0.05,0.0,1.29,0.53,0.92,0.0,0.0,0.0,0.0,0.0,0.0,0.0,1.0,0.0,0.0,0.0,0.0,0.0,0.0,1.0,0.0,0.0,1.0
359,360,11.967,0.98,1,-0.106103,0.248756,-0.962737,-0.257426,0.224779,-0.93979,-0.189,0.244,73.2,4.1,471.8,0.091,0.174,-0.036,0.14,0.0,0.35,0.0,0.54,1.76,0.0,1.25,0.25,0.0,0.11,0.38,0.05,0.0,1.37,0.73,0.5,0.0,0.0,0.0,0.0,0.0,0.0,0.0,1.0,0.0,0.0,0.0,0.0,0.0,0.0,1.0,0.0,0.0,1.0
360,361,12.0,0.98,1,-0.107701,0.234348,-0.966169,-0.273581,0.231258,-0.933634,-0.198,0.24,73.3,4.1,473.2,0.099,0.177,-0.041,0.15,0.0,0.39,0.0,0.58,1.82,0.0,1.19,0.34,0.0,0.01,0.38,0.05,0.0,1.33,0.84,0.21,0.0,0.0,0.0,0.0,0.0,0.0,0.0,1.0,0.0,0.0,0.0,0.0,0.0,0.0,1.0,0.0,0.0,0.0
361,362,12.033,0.98,1,-0.092255,0.214921,-0.972264,-0.257714,0.235264,-0.937142,-0.181,0.232,73.2,3.9,473.6,0.098,0.179,-0.043,0.05,0.0,0.36,0.0,0.57,1.75,0.0,1.32,0.34,0.0,0.01,0.26,0.08,0.0,1.23,0.74,0.1,0.0,0.0,0.0,0.0,0.0,0.0,0.0,1.0,0.0,0.0,0.0,0.0,0.0,0.0,1.0,0.0,0.0,0.0
362,363,12.067,0.98,1,-0.11181,0.208387,-0.971634,-0.259825,0.216017,-0.941184,-0.192,0.218,73.3,3.6,475.5,0.093,0.177,-0.042,0.09,0.0,0.36,0.0,0.56,1.86,0.0,1.36,0.33,0.0,0.01,0.11,0.08,0.0,1.12,0.59,0.01,0.0,0.0,0.0,0.0,0.0,0.0,0.0,1.0,0.0,0.0,0.0,0.0,0.0,0.0,1.0,0.0,0.0,0.0
363,364,12.1,0.98,1,-0.109865,0.213318,-0.970786,-0.274746,0.213418,-0.937533,-0.199,0.22,73.5,3.3,476.7,0.102,0.174,-0.045,0.12,0.0,0.39,0.0,0.58,1.92,0.0,1.48,0.28,0.0,0.0,0.04,0.08,0.0,1.09,0.47,0.01,0.0,0.0,0.0,0.0,0.0,0.0,0.0,1.0,0.0,0.0,0.0,0.0,0.0,0.0,1.0,0.0,0.0,0.0
364,365,12.133,0.98,1,-0.111606,0.190176,-0.975386,-0.255302,0.207801,-0.944267,-0.189,0.204,73.4,2.7,477.1,0.097,0.173,-0.045,0.16,0.0,0.4,0.0,0.57,2.03,0.0,1.46,0.32,0.0,0.0,0.08,0.03,0.03,1.14,0.49,0.0,0.0,0.0,0.0,0.0,0.0,1.0,0.0,1.0,0.0,0.0,0.0,0.0,0.0,0.0,1.0,0.0,0.0,0.0
365,366,12.167,0.98,1,-0.110339,0.208038,-0.971877,-0.254724,0.192708,-0.947618,-0.188,0.206,73.2,2.1,477.2,0.093,0.175,-0.045,0.12,0.0,0.52,0.0,0.58,2.03,0.0,1.37,0.29,0.0,0.0,0.09,0.11,0.05,1.03,0.57,0.03,0.0,0.0,0.0,0.0,0.0,1.0,0.0,1.0,0.0,0.0,0.0,0.0,0.0,0.0,1.0,0.0,0.0,0.0
366,367,12.2,0.98,1,-0.106125,0.187549,-0.976505,-0.254902,0.192115,-0.94769,-0.185,0.195,73.2,1.9,477.0,0.091,0.176,-0.047,0.17,0.0,0.56,0.0,0.52,2.16,0.0,1.23,0.28,0.0,0.0,0.05,0.21,0.05,0.97,0.56,0.03,0.0,0.0,0.0,0.0,0.0,1.0,0.0,1.0,0.0,0.0,0.0,0.0,0.0,0.0,1.0,0.0,0.0,0.0
367,368,12.233,0.98,1,-0.111542,0.193292,-0.97478,-0.244471,0.190261,-0.950808,-0.183,0.197,72.7,1.7,476.8,0.086,0.181,-0.044,0.17,0.0,0.53,0.0,0.54,2.21,0.0,1.21,0.32,0.0,0.0,0.01,0.26,0.02,1.01,0.54,0.03,0.0,0.0,0.0,0.0,0.0,1.0,0.0,1.0,0.0,0.0,0.0,0.0,0.0,0.0,1.0,0.0,0.0,0.0
368,369,12.267,0.98,1,-0.110521,0.188011,-0.975929,-0.256226,0.187996,-0.948159,-0.188,0.193,72.6,1.7,477.2,0.091,0.187,-0.048,0.22,0.0,0.43,0.0,0.54,2.16,0.0,1.27,0.33,0.0,0.0,0.0,0.29,0.0,0.98,0.54,0.0,0.0,0.0,0.0,0.0,0.0,1.0,0.0,1.0,0.0,0.0,0.0,0.0,0.0,0.0,1.0,0.0,0.0,0.0
369,370,12.3,0.98,1,-0.108112,0.193409,-0.975144,-0.260124,0.193696,-0.945948,-0.189,0.199,72.2,1.7,476.6,0.092,0.183,-0.047,0.19,0.0,0.41,0.0,0.58,1.9,0.0,1.31,0.32,0.0,0.0,0.0,0.28,0.0,0.99,0.65,0.0,0.0,0.0,0.0,0.0,0.0,1.0,0.0,1.0,0.0,0.0,0.0,0.0,0.0,0.0,1.0,0.0,0.0,0.0
370,371,12.333,0.98,1,-0.119359,0.193287,-0.973855,-0.256169,0.20128,-0.945444,-0.193,0.203,71.7,2.0,474.5,0.091,0.184,-0.047,0.15,0.0,0.45,0.0,0.59,1.88,0.0,1.25,0.3,0.0,0.0,0.09,0.21,0.0,0.94,0.83,0.0,0.0,0.0,0.0,0.0,0.0,1.0,0.0,1.0,0.0,0.0,0.0,0.0,0.0,0.0,1.0,0.0,0.0,0.0
371,372,12.367,0.98,1,-0.108368,0.178459,-0.977962,-0.242551,0.196543,-0.950021,-0.18,0.192,71.7,2.1,474.5,0.094,0.181,-0.048,0.08,0.0,0.42,0.0,0.62,1.81,0.0,1.29,0.28,0.0,0.0,0.23,0.28,0.0,0.97,0.88,0.0,0.0,0.0,0.0,0.0,0.0,1.0,0.0,1.0,0.0,0.0,0.0,0.0,0.0,0.0,1.0,0.0,0.0,0.0
372,373,12.4,0.98,1,-0.089155,0.180296,-0.979564,-0.232485,0.209803,-0.949702,-0.165,0.2,72.0,2.5,474.0,0.095,0.183,-0.05,0.02,0.0,0.33,0.0,0.64,1.79,0.0,1.35,0.31,0.03,0.03,0.31,0.21,0.02,1.03,0.92,0.0,0.0,0.0,0.0,0.0,0.0,1.0,0.0,1.0,0.0,0.0,0.0,0.0,0.0,0.0,1.0,0.0,0.0,0.0
373,374,12.433,0.98,1,-0.088895,0.185595,-0.978597,-0.225192,0.206326,-0.952218,-0.161,0.2,71.6,2.8,472.0,0.087,0.188,-0.049,0.02,0.0,0.17,0.0,0.67,1.73,0.0,1.38,0.3,0.03,0.03,0.33,0.43,0.04,0.96,0.79,0.01,0.0,0.0,0.0,0.0,0.0,0.0,0.0,1.0,0.0,0.0,0.0,0.0,0.0,0.0,1.0,0.0,0.0,0.0
374,375,12.467,0.98,1,-0.083861,0.183609,-0.979416,-0.20667,0.190785,-0.959629,-0.149,0.191,72.4,2.9,473.8,0.089,0.183,-0.051,0.02,0.0,0.14,0.0,0.67,1.72,0.0,1.31,0.36,0.03,0.03,0.33,0.31,0.04,1.03,0.75,0.01,0.0,0.0,0.0,0.0,0.0,0.0,0.0,1.0,0.0,0.0,0.0,0.0,0.0,0.0,1.0,0.0,0.0,0.0
375,376,12.5,0.98,1,-0.077394,0.187997,-0.979116,-0.201687,0.192744,-0.960298,-0.143,0.194,72.9,3.0,475.7,0.089,0.189,-0.049,0.0,0.0,0.08,0.0,0.67,1.67,0.0,1.33,0.35,0.0,0.03,0.4,0.34,0.05,0.95,0.62,0.01,0.0,0.0,0.0,0.0,0.0,0.0,0.0,1.0,0.0,0.0,0.0,0.0,0.0,0.0,1.0,0.0,0.0,0.0
376,377,12.533,0.98,1,-0.096774,0.178676,-0.979137,-0.201232,0.182661,-0.962362,-0.152,0.184,73.1,3.0,472.3,0.077,0.18,-0.05,0.01,0.0,0.17,0.0,0.6,1.7,0.0,1.49,0.31,0.0,0.05,0.36,0.13,0.02,0.88,0.4,0.0,0.0,0.0,0.0,0.0,0.0,0.0,0.0,1.0,0.0,0.0,0.0,0.0,0.0,0.0,0.0,0.0,0.0,0.0
377,378,12.567,0.98,1,-0.102455,0.187698,-0.976869,-0.207748,0.195385,-0.95847,-0.159,0.195,74.1,2.6,474.2,0.078,0.176,-0.053,0.02,0.0,0.2,0.0,0.57,1.73,0.0,1.56,0.21,0.0,0.05,0.34,0.05,0.02,0.74,0.25,0.0,0.0,0.0,0.0,0.0,0.0,0.0,0.0,1.0,0.0,0.0,0.0,0.0,0.0,0.0,0.0,0.0,0.0,0.0
378,379,12.6,0.98,1,-0.086307,0.181404,-0.979614,-0.18756,0.188978,-0.963903,-0.14,0.188,75.2,2.4,476.2,0.075,0.167,-0.056,0.02,0.0,0.26,0.0,0.48,1.79,0.0,1.61,0.14,0.0,0.08,0.19,0.0,0.0,0.72,0.08,0.0,0.0,0.0,0.0,0.0,0.0,0.0,0.0,1.0,0.0,0.0,0.0,0.0,0.0,0.0,0.0,0.0,0.0,0.0
379,380,12.633,0.98,1,-0.087788,0.169142,-0.981674,-0.209187,0.18384,-0.960439,-0.152,0.18,75.4,2.1,473.8,0.062,0.166,-0.055,0.01,0.0,0.26,0.0,0.42,1.75,0.0,1.56,0.09,0.0,0.29,0.14,0.0,0.0,0.82,0.08,0.01,0.0,0.0,0.0,0.0,0.0,0.0,0.0,1.0,0.0,0.0,0.0,0.0,0.0,0.0,0.0,0.0,0.0,0.0
380,381,12.667,0.98,1,-0.086788,0.183145,-0.979247,-0.194719,0.178144,-0.964546,-0.144,0.184,75.8,1.9,473.4,0.064,0.162,-0.055,0.0,0.0,0.24,0.0,0.38,1.85,0.0,1.56,0.07,0.0,0.48,0.06,0.0,0.0,0.91,0.01,0.01,0.0,0.0,0.0,0.0,0.0,0.0,0.0,1.0,0.0,0.0,0.0,0.0,0.0,0.0,0.0,0.0,0.0,0.0
381,382,12.7,0.98,1,-0.091549,0.174648,-0.980366,-0.190704,0.178746,-0.965237,-0.144,0.18,76.5,1.8,472.9,0.065,0.151,-0.056,0.0,0.0,0.15,0.0,0.37,2.08,0.0,1.51,0.05,0.0,0.62,0.15,0.0,0.0,0.92,0.0,0.01,0.0,0.0,0.0,0.0,0.0,0.0,0.0,1.0,0.0,0.0,0.0,0.0,0.0,0.0,0.0,0.0,0.0,0.0
382,383,12.733,0.98,1,-0.091254,0.177529,-0.979876,-0.189921,0.184174,-0.96437,-0.144,0.184,76.9,1.8,472.8,0.068,0.15,-0.058,0.03,0.0,0.09,0.0,0.41,2.28,0.0,1.56,0.08,0.0,0.54,0.29,0.0,0.0,0.94,0.0,0.0,0.0,0.0,0.0,0.0,0.0,0.0,0.0,1.0,0.0,0.0,0.0,0.0,0.0,0.0,0.0,0.0,0.0,0.0
383,384,12.767,0.98,1,-0.086707,0.180178,-0.979805,-0.185393,0.193085,-0.963508,-0.139,0.19,77.0,1.8,473.2,0.07,0.147,-0.055,0.17,0.0,0.16,0.0,0.42,2.21,0.0,1.59,0.09,0.0,0.57,0.46,0.0,0.0,0.99,0.03,0.0,0.0,0.0,0.0,0.0,0.0,0.0,0.0,1.0,0.0,0.0,0.0,0.0,0.0,0.0,0.0,0.0,0.0,0.0
384,385,12.8,0.98,1,-0.083314,0.178626,-0.980383,-0.182055,0.189714,-0.964813,-0.136,0.187,77.2,1.8,473.9,0.068,0.144,-0.051,0.17,0.0,0.16,0.0,0.4,1.98,0.0,1.49,0.07,0.0,0.54,0.46,0.0,0.0,1.01,0.05,0.06,0.0,0.0,0.0,0.0,0.0,0.0,0.0,1.0,0.0,0.0,0.0,0.0,0.0,0.0,0.0,0.0,0.0,0.0
385,386,12.833,0.98,1,-0.07694,0.179173,-0.980804,-0.183674,0.188457,-0.964753,-0.133,0.187,76.8,1.8,472.3,0.061,0.146,-0.05,0.19,0.0,0.16,0.0,0.4,1.72,0.0,1.4,0.08,0.0,0.61,0.36,0.0,0.0,1.05,0.05,0.06,0.0,0.0,0.0,0.0,0.0,0.0,0.0,1.0,0.0,0.0,0.0,0.0,0.0,0.0,0.0,0.0,0.0,0.0
386,387,12.867,0.98,1,-0.072163,0.181604,-0.98072,-0.178372,0.190166,-0.965412,-0.128,0.189,76.7,1.6,472.4,0.061,0.147,-0.051,0.11,0.0,0.07,0.0,0.39,1.52,0.0,1.42,0.12,0.0,0.58,0.17,0.0,0.0,0.98,0.03,0.06,0.0,0.0,0.0,0.0,0.0,0.0,0.0,1.0,0.0,0.0,0.0,0.0,0.0,0.0,0.0,0.0,0.0,0.0
387,388,12.9,0.98,1,-0.065745,0.178079,-0.981817,-0.174436,0.191708,-0.965826,-0.123,0.188,76.6,1.5,472.3,0.063,0.145,-0.05,0.11,0.0,0.07,0.0,0.46,1.47,0.0,1.58,0.21,0.0,0.54,0.2,0.01,0.0,1.03,0.0,0.03,0.0,0.0,0.0,0.0,0.0,0.0,0.0,1.0,0.0,0.0,0.0,0.0,0.0,0.0,0.0,0.0,0.0,0.0
388,389,12.933,0.98,1,-0.079955,0.170442,-0.982119,-0.166456,0.183794,-0.968768,-0.126,0.18,76.3,1.3,470.8,0.057,0.14,-0.052,0.06,0.0,0.15,0.0,0.42,1.46,0.0,1.49,0.17,0.0,0.45,0.24,0.01,0.0,0.95,0.0,0.03,0.0,0.0,0.0,0.0,0.0,0.0,0.0,1.0,0.0,0.0,0.0,0.0,0.0,0.0,0.0,0.0,0.0,0.0
389,390,12.967,0.98,1,-0.092809,0.18272,-0.978775,-0.198026,0.190551,-0.961497,-0.149,0.19,75.3,0.9,467.3,0.06,0.149,-0.052,0.12,0.0,0.25,0.0,0.38,1.5,0.0,1.35,0.09,0.0,0.26,0.31,0.01,0.0,0.94,0.03,0.05,0.0,0.0,0.0,0.0,0.0,0.0,0.0,1.0,0.0,0.0,0.0,0.0,0.0,0.0,0.0,0.0,0.0,0.0
390,391,13.0,0.98,1,-0.094624,0.186531,-0.977882,-0.179032,0.202908,-0.962692,-0.14,0.198,75.5,0.7,469.2,0.066,0.15,-0.055,0.12,0.0,0.25,0.0,0.35,1.47,0.0,1.28,0.09,0.0,0.26,0.28,0.0,0.0,0.92,0.03,0.12,0.0,0.0,0.0,0.0,0.0,0.0,0.0,1.0,0.0,0.0,0.0,0.0,0.0,0.0,0.0,0.0,0.0,0.0
391,392,13.033,0.98,1,-0.0873,0.186306,-0.978606,-0.180604,0.187371,-0.965544,-0.137,0.19,75.1,0.6,467.6,0.054,0.144,-0.055,0.11,0.0,0.16,0.0,0.39,1.51,0.0,1.46,0.16,0.0,0.18,0.22,0.05,0.0,1.05,0.09,0.12,0.0,0.0,0.0,0.0,0.0,0.0,0.0,1.0,0.0,0.0,0.0,0.0,0.0,0.0,0.0,0.0,0.0,0.0
392,393,13.067,0.98,1,-0.0851,0.197407,-0.976621,-0.188342,0.188608,-0.963823,-0.14,0.196,74.5,0.4,467.2,0.053,0.148,-0.054,0.04,0.0,0.11,0.0,0.39,1.63,0.0,1.51,0.16,0.0,0.36,0.19,0.13,0.0,1.14,0.34,0.11,0.0,0.0,0.0,0.0,0.0,0.0,0.0,1.0,0.0,0.0,0.0,0.0,0.0,0.0,0.0,0.0,0.0,0.0
393,394,13.1,0.98,1,-0.081394,0.198854,-0.976643,-0.183447,0.205702,-0.961267,-0.136,0.206,74.4,0.4,468.3,0.058,0.146,-0.053,0.04,0.0,0.19,0.0,0.45,1.69,0.0,1.61,0.19,0.0,0.41,0.18,0.31,0.0,1.19,0.51,0.01,0.0,0.0,0.0,0.0,0.0,0.0,0.0,1.0,0.0,0.0,0.0,0.0,0.0,0.0,0.0,0.0,0.0,0.0
394,395,13.133,0.98,1,-0.075826,0.196228,-0.977622,-0.184967,0.207542,-0.96058,-0.134,0.205,73.9,0.2,467.5,0.052,0.144,-0.053,0.08,0.0,0.2,0.0,0.48,1.84,0.0,1.57,0.14,0.0,0.56,0.25,0.37,0.02,1.06,0.62,0.01,0.0,0.0,0.0,0.0,0.0,0.0,0.0,1.0,0.0,0.0,0.0,0.0,0.0,0.0,0.0,0.0,0.0,0.0
395,396,13.167,0.98,1,-0.094741,0.174484,-0.980092,-0.205587,0.172285,-0.963355,-0.153,0.177,73.0,-0.4,464.9,0.04,0.141,-0.051,0.09,0.0,0.34,0.0,0.49,1.83,0.0,1.66,0.15,0.0,0.44,0.3,0.3,0.02,0.83,0.53,0.01,0.0,0.0,0.0,0.0,0.0,0.0,0.0,1.0,0.0,0.0,0.0,0.0,0.0,0.0,0.0,0.0,0.0,0.0
396,397,13.2,0.98,1,-0.078362,0.188573,-0.978928,-0.189865,0.201618,-0.960886,-0.137,0.198,72.8,-1.0,467.3,0.045,0.142,-0.048,0.11,0.0,0.47,0.0,0.45,1.85,0.0,1.55,0.03,0.0,0.49,0.37,0.2,0.02,0.61,0.53,0.08,0.0,0.0,0.0,0.0,0.0,0.0,0.0,1.0,0.0,0.0,1.0,0.0,0.0,0.0,0.0,0.0,0.0,0.0
397,398,13.233,0.98,1,-0.07754,0.191819,-0.978362,-0.191483,0.16722,-0.967146,-0.137,0.182,72.0,-1.7,467.4,0.033,0.145,-0.041,0.1,0.0,0.5,0.0,0.39,1.62,0.0,1.55,0.03,0.0,0.51,0.55,0.09,0.09,0.35,0.53,0.08,0.0,0.0,0.0,0.0,0.0,0.0,0.0,1.0,0.0,0.0,1.0,0.0,0.0,0.0,0.0,0.0,0.0,0.0
398,399,13.267,0.98,1,-0.071735,0.179769,-0.98109,-0.191352,0.162204,-0.968026,-0.134,0.174,71.2,-2.6,467.1,0.02,0.148,-0.033,0.14,0.0,0.44,0.0,0.42,1.84,0.0,1.42,0.01,0.0,0.59,0.71,0.08,0.18,0.2,0.56,0.15,0.0,0.0,0.0,0.0,0.0,0.0,0.0,1.0,0.0,0.0,1.0,1.0,0.0,0.0,0.0,0.0,0.0,0.0
399,400,13.3,0.98,1,-0.09703,0.186523,-0.977647,-0.19247,0.154234,-0.969106,-0.148,0.173,70.7,-3.3,466.2,0.02,0.147,-0.032,0.23,0.0,0.45,0.0,0.39,2.02,0.0,1.44,0.02,0.0,0.59,0.94,0.09,0.25,0.12,0.57,0.14,0.0,0.0,0.0,0.0,0.0,0.0,0.0,1.0,0.0,0.0,0.0,1.0,0.0,0.0,0.0,0.0,0.0,0.0
400,401,13.333,0.98,1,-0.085567,0.197055,-0.976651,-0.198524,0.153835,-0.967948,-0.145,0.179,70.1,-3.6,465.1,0.011,0.151,-0.031,0.34,0.0,0.54,0.0,0.41,2.35,0.0,1.41,0.01,0.0,0.62,0.89,0.09,0.23,0.14,0.46,0.14,0.0,0.0,0.0,0.0,0.0,0.0,0.0,1.0,0.0,0.0,0.0,1.0,0.0,0.0,0.0,0.0,0.0,0.0
401,402,13.367,0.98,1,-0.073915,0.160157,-0.98432,-0.188105,0.148181,-0.970906,-0.133,0.156,69.3,-3.9,463.9,0.006,0.15,-0.025,0.38,0.0,0.59,0.0,0.41,2.44,0.0,1.36,0.01,0.0,0.58,0.76,0.09,0.14,0.34,0.44,0.1,0.0,0.0,0.0,0.0,0.0,0.0,0.0,1.0,0.0,0.0,0.0,1.0,0.0,0.0,0.0,0.0,0.0,0.0
402,403,13.4,0.98,1,-0.101126,0.207422,-0.973011,-0.202432,0.16848,-0.964695,-0.155,0.192,68.7,-3.6,464.3,0.032,0.158,-0.026,0.39,0.0,0.61,0.0,0.5,2.42,0.0,1.31,0.0,0.0,0.51,0.51,0.03,0.08,0.5,0.37,0.05,0.0,0.0,0.0,0.0,0.0,1.0,0.0,1.0,0.0,0.0,0.0,1.0,0.0,0.0,0.0,0.0,0.0,0.0
403,404,13.433,0.98,1,-0.076162,0.202648,-0.976286,-0.19763,0.178285,-0.963928,-0.14,0.194,68.0,-3.6,463.1,0.03,0.155,-0.023,0.27,0.0,0.55,0.0,0.52,2.45,0.0,1.24,0.0,0.0,0.33,0.38,0.07,0.0,0.79,0.44,0.05,0.0,0.0,0.0,0.0,0.0,1.0,0.0,1.0,0.0,0.0,0.0,1.0,0.0,0.0,0.0,0.0,0.0,0.0
404,405,13.467,0.98,1,-0.087256,0.20812,-0.974204,-0.198045,0.186344,-0.962317,-0.146,0.201,67.0,-3.5,461.7,0.046,0.154,-0.02,0.26,0.0,0.51,0.0,0.59,2.29,0.0,1.13,0.02,0.0,0.29,0.5,0.14,0.0,0.84,0.49,0.06,0.0,0.0,0.0,0.0,0.0,0.0,0.0,1.0,0.0,0.0,0.0,1.0,0.0,0.0,1.0,0.0,0.0,0.0
405,406,13.5,0.98,1,-0.093119,0.211599,-0.97291,-0.212772,0.204282,-0.955509,-0.157,0.212,66.4,-3.8,461.8,0.05,0.162,-0.019,0.21,0.0,0.48,0.0,0.54,2.04,0.0,1.11,0.07,0.0,0.14,0.5,0.16,0.0,1.01,0.5,0.05,0.0,0.0,0.0,0.0,0.0,0.0,0.0,1.0,0.0,0.0,0.0,1.0,0.0,0.0,1.0,0.0,0.0,0.0
406,407,13.533,0.98,1,-0.081543,0.216103,-0.972959,-0.232765,0.18934,-0.953924,-0.162,0.207,65.7,-3.9,460.3,0.049,0.162,-0.015,0.25,0.0,0.46,0.0,0.59,1.77,0.0,1.05,0.07,0.0,0.17,0.57,0.19,0.0,1.13,0.51,0.11,0.0,0.0,0.0,0.0,0.0,0.0,0.0,1.0,0.0,0.0,0.0,1.0,0.0,0.0,1.0,0.0,0.0,0.0
407,408,13.567,0.98,1,-0.098211,0.1921,-0.976449,-0.238984,0.189342,-0.952384,-0.173,0.195,64.9,-4.0,459.0,0.05,0.164,-0.016,0.32,0.0,0.45,0.0,0.54,1.59,0.0,1.26,0.07,0.0,0.12,0.51,0.12,0.0,1.36,0.57,0.09,0.0,0.0,0.0,0.0,0.0,0.0,0.0,1.0,0.0,0.0,0.0,1.0,0.0,0.0,1.0,0.0,0.0,0.0
408,409,13.6,0.98,1,-0.087781,0.219843,-0.971578,-0.225251,0.212029,-0.95095,-0.161,0.221,64.7,-4.1,460.1,0.068,0.168,-0.022,0.48,0.0,0.51,0.0,0.57,1.68,0.04,1.35,0.02,0.0,0.21,0.58,0.14,0.0,1.34,0.66,0.07,0.0,0.0,0.0,0.0,0.0,0.0,0.0,1.0,0.0,0.0,0.0,1.0,0.0,0.0,1.0,0.0,0.0,0.0
409,410,13.633,0.98,1,-0.082613,0.205399,-0.975185,-0.220448,0.200701,-0.954527,-0.156,0.207,64.0,-4.4,459.1,0.055,0.168,-0.016,0.53,0.0,0.64,0.0,0.56,1.77,0.13,1.47,0.02,0.0,0.29,0.62,0.14,0.0,1.4,0.66,0.07,0.0,0.0,0.0,0.0,0.0,0.0,0.0,1.0,0.0,0.0,0.0,1.0,0.0,0.0,1.0,0.0,0.0,0.0
410,411,13.667,0.98,1,-0.076463,0.202277,-0.976339,-0.226102,0.201787,-0.952974,-0.156,0.206,63.4,-4.5,458.0,0.053,0.165,-0.016,0.45,0.0,0.69,0.0,0.61,1.87,0.16,1.46,0.01,0.0,0.35,0.57,0.29,0.0,1.35,0.53,0.21,0.0,0.0,0.0,0.0,0.0,0.0,0.0,1.0,0.0,0.0,0.0,1.0,0.0,0.0,1.0,0.0,0.0,0.0
411,412,13.7,0.98,1,-0.087877,0.20353,-0.975117,-0.23154,0.209812,-0.949931,-0.164,0.212,63.2,-4.4,458.6,0.056,0.167,-0.019,0.32,0.0,0.56,0.0,0.55,1.88,0.17,1.45,0.02,0.0,0.25,0.54,0.22,0.0,1.35,0.47,0.21,0.0,0.0,0.0,0.0,0.0,0.0,0.0,1.0,0.0,0.0,0.0,1.0,0.0,0.0,1.0,0.0,0.0,0.0
412,413,13.733,0.98,1,-0.090997,0.200423,-0.975474,-0.206582,0.205873,-0.956525,-0.153,0.207,63.0,-4.4,458.6,0.058,0.171,-0.026,0.4,0.0,0.4,0.0,0.5,1.94,0.15,1.43,0.04,0.0,0.29,0.64,0.25,0.0,1.19,0.46,0.18,0.0,0.0,0.0,0.0,0.0,0.0,0.0,1.0,0.0,0.0,0.0,1.0,0.0,0.0,1.0,0.0,0.0,0.0
413,414,13.767,0.98,1,-0.089246,0.20231,-0.975247,-0.207299,0.210599,-0.95534,-0.152,0.211,62.8,-4.5,458.2,0.054,0.172,-0.027,0.46,0.0,0.38,0.0,0.41,1.89,0.11,1.43,0.03,0.0,0.37,0.74,0.11,0.0,1.11,0.46,0.25,0.0,0.0,0.0,0.0,0.0,0.0,0.0,1.0,0.0,0.0,0.0,1.0,0.0,0.0,1.0,0.0,0.0,0.0
414,415,13.8,0.98,1,-0.096235,0.214127,-0.972054,-0.21552,0.223184,-0.950653,-0.161,0.224,63.1,-4.3,458.6,0.067,0.173,-0.033,0.53,0.0,0.4,0.0,0.36,1.86,0.07,1.29,0.02,0.0,0.37,0.78,0.11,0.0,0.86,0.41,0.33,0.0,0.0,0.0,0.0,0.0,0.0,0.0,1.0,0.0,0.0,0.0,1.0,0.0,0.0,1.0,0.0,0.0,0.0
415,416,13.833,0.98,1,-0.092219,0.236873,-0.967154,-0.212413,0.232989,-0.948998,-0.158,0.24,63.3,-4.2,458.7,0.071,0.168,-0.034,0.39,0.0,0.34,0.0,0.27,1.68,0.0,1.2,0.0,0.0,0.16,0.61,0.02,0.0,0.55,0.29,0.33,0.0,0.0,0.0,0.0,0.0,0.0,0.0,1.0,0.0,0.0,0.0,1.0,0.0,0.0,1.0,0.0,0.0,0.0
416,417,13.867,0.98,1,-0.097519,0.21427,-0.971894,-0.220168,0.231803,-0.94752,-0.164,0.228,63.8,-4.2,458.7,0.07,0.165,-0.034,0.45,0.0,0.34,0.0,0.21,1.78,0.0,1.16,0.0,0.0,0.08,0.54,0.0,0.0,0.48,0.3,0.1,0.0,0.0,0.0,0.0,0.0,0.0,0.0,1.0,0.0,0.0,0.0,1.0,0.0,0.0,0.0,0.0,0.0,0.0
417,418,13.9,0.98,1,-0.097005,0.221303,-0.970369,-0.232368,0.235005,-0.94381,-0.17,0.234,64.4,-4.2,460.7,0.086,0.172,-0.035,0.42,0.0,0.38,0.0,0.17,1.78,0.0,1.14,0.0,0.0,0.12,0.48,0.0,0.0,0.67,0.37,0.02,1.0,0.0,0.0,0.0,0.0,0.0,0.0,1.0,0.0,0.0,0.0,1.0,0.0,0.0,0.0,0.0,0.0,0.0
418,419,13.933,0.98,1,-0.090757,0.223889,-0.97038,-0.237635,0.245624,-0.939786,-0.17,0.241,64.7,-4.1,462.1,0.086,0.172,-0.024,0.52,0.0,0.52,0.0,0.16,1.89,0.0,1.11,0.0,0.0,0.17,0.57,0.0,0.0,0.93,0.69,0.06,1.0,0.0,0.0,0.0,0.0,0.0,0.0,1.0,0.0,0.0,0.0,1.0,0.0,0.0,0.0,0.0,0.0,0.0
419,420,13.967,0.98,1,-0.096769,0.206664,-0.973615,-0.226204,0.229369,-0.94669,-0.167,0.223,64.5,-4.6,461.4,0.074,0.179,-0.013,0.66,0.09,0.48,0.0,0.12,1.86,0.0,1.14,0.03,0.0,0.09,0.54,0.08,0.0,0.93,0.65,0.39,1.0,0.0,0.0,0.0,0.0,0.0,0.0,1.0,0.0,0.0,0.0,1.0,0.0,0.0,0.0,0.0,0.0,0.0
420,421,14.0,0.98,1,-0.091557,0.280138,-0.955584,-0.227398,0.280278,-0.932595,-0.167,0.289,66.3,-5.1,474.0,0.072,0.186,-0.01,0.98,0.09,0.46,0.0,0.05,1.71,0.0,1.17,0.05,0.0,0.06,0.66,0.08,0.0,0.82,0.61,1.18,1.0,0.0,0.0,0.0,0.0,0.0,0.0,1.0,0.0,0.0,0.0,1.0,0.0,0.0,0.0,0.0,0.0,1.0
421,422,14.033,0.98,1,-0.033613,0.324411,-0.945319,-0.263499,0.336782,-0.903961,-0.159,0.343,66.0,-5.4,475.0,0.05,0.2,-0.003,1.21,0.09,0.45,0.0,0.03,1.65,0.0,1.3,0.05,0.0,0.21,0.81,0.08,0.0,0.64,0.35,1.75,1.0,0.0,0.0,0.0,0.0,0.0,0.0,1.0,0.0,0.0,0.0,1.0,0.0,0.0,0.0,0.0,0.0,1.0
422,423,14.067,0.98,1,-0.102482,0.307075,-0.946151,-0.242158,0.327402,-0.913328,-0.183,0.329,65.5,-5.8,471.2,0.053,0.201,0.001,1.16,0.0,0.61,0.0,0.0,1.59,0.04,1.41,0.02,0.0,0.32,0.8,0.0,0.0,0.61,0.27,1.93,1.0,0.0,0.0,0.0,0.0,0.0,0.0,1.0,0.0,0.0,0.0,1.0,0.0,0.0,0.0,0.0,0.0,1.0
423,424,14.1,0.98,1,-0.048028,0.314504,-0.948041,-0.241326,0.312266,-0.918832,-0.154,0.324,65.3,-6.1,469.0,0.06,0.201,0.004,1.03,0.03,0.82,0.0,0.0,1.85,0.04,1.47,0.0,0.0,0.41,0.58,0.0,0.0,0.51,0.2,1.61,1.0,0.0,0.0,0.0,0.0,0.0,0.0,1.0,0.0,0.0,0.0,0.0,0.0,0.0,0.0,0.0,0.0,1.0
424,425,14.133,0.98,1,-0.075881,0.274478,-0.958595,-0.276188,0.270017,-0.922394,-0.185,0.282,65.5,-5.5,467.3,0.053,0.196,0.007,0.8,0.03,0.85,0.0,0.0,1.86,0.04,1.4,0.0,0.0,0.34,0.39,0.0,0.0,0.57,0.29,1.4,1.0,0.0,0.0,0.0,0.0,0.0,0.0,1.0,0.0,0.0,0.0,0.0,0.0,0.0,0.0,0.0,0.0,1.0
425,426,14.167,0.98,1,-0.11655,0.259661,-0.958641,-0.275165,0.255279,-0.926885,-0.205,0.267,66.0,-5.2,466.5,0.051,0.191,0.007,0.78,0.03,0.85,0.0,0.08,2.08,0.0,1.31,0.0,0.0,0.3,0.33,0.0,0.0,0.53,0.31,1.18,1.0,0.0,0.0,0.0,0.0,0.0,0.0,1.0,0.0,0.0,0.0,0.0,0.0,0.0,0.0,0.0,0.0,1.0
426,427,14.2,0.98,1,-0.140098,0.254335,-0.956915,-0.266449,0.263057,-0.927257,-0.213,0.268,66.7,-5.1,466.7,0.055,0.183,0.011,0.8,0.0,0.75,0.0,0.19,2.26,0.0,1.41,0.0,0.0,0.33,0.29,0.0,0.0,0.7,0.27,0.98,1.0,0.0,0.0,0.0,0.0,0.0,0.0,1.0,0.0,0.0,0.0,0.0,0.0,0.0,0.0,0.0,0.0,1.0
427,428,14.233,0.98,1,-0.126351,0.239039,-0.962754,-0.290689,0.256656,-0.921753,-0.218,0.257,67.8,-5.0,468.8,0.058,0.182,0.012,0.75,0.0,0.84,0.0,0.31,2.52,0.0,1.46,0.0,0.0,0.37,0.19,0.0,0.0,0.79,0.11,0.86,1.0,0.0,0.0,0.0,0.0,0.0,0.0,1.0,0.0,0.0,0.0,0.0,0.0,0.0,0.0,0.0,0.0,1.0
428,429,14.267,0.98,1,-0.132373,0.215793,-0.967425,-0.289243,0.234432,-0.928106,-0.219,0.233,68.2,-4.9,467.6,0.05,0.179,0.015,0.73,0.0,0.95,0.0,0.37,2.51,0.0,1.52,0.0,0.0,0.5,0.12,0.0,0.0,0.87,0.13,0.84,0.0,0.0,0.0,0.0,0.0,0.0,0.0,1.0,0.0,0.0,0.0,0.0,0.0,0.0,0.0,0.0,0.0,1.0
429,430,14.3,0.98,1,-0.134594,0.218755,-0.966453,-0.274161,0.240516,-0.931122,-0.212,0.237,68.8,-5.1,468.7,0.057,0.174,0.02,0.47,0.0,0.88,0.0,0.4,2.26,0.0,1.53,0.0,0.0,0.47,0.12,0.0,0.0,0.95,0.23,0.84,0.0,0.0,0.0,0.0,0.0,0.0,0.0,1.0,0.0,0.0,0.0,0.0,0.0,0.0,0.0,0.0,0.0,1.0
430,431,14.333,0.98,1,-0.130264,0.228004,-0.964907,-0.277583,0.248836,-0.927916,-0.212,0.247,69.2,-4.8,467.4,0.057,0.176,0.019,0.44,0.0,0.73,0.0,0.41,2.01,0.0,1.5,0.0,0.0,0.44,0.1,0.0,0.0,1.09,0.26,0.74,0.0,0.0,0.0,0.0,0.0,0.0,0.0,1.0,0.0,0.0,0.0,0.0,0.0,0.0,1.0,0.0,0.0,1.0
431,432,14.367,0.98,1,-0.152252,0.218537,-0.963878,-0.279525,0.230557,-0.932046,-0.224,0.233,69.6,-4.8,466.4,0.054,0.175,0.018,0.31,0.0,0.48,0.0,0.43,1.98,0.0,1.46,0.0,0.0,0.5,0.09,0.0,0.0,1.17,0.34,0.66,0.0,0.0,0.0,0.0,0.0,0.0,0.0,1.0,0.0,0.0,0.0,0.0,0.0,0.0,1.0,0.0,0.0,0.0
432,433,14.4,0.98,1,-0.153443,0.207399,-0.966147,-0.27063,0.243914,-0.931271,-0.22,0.234,70.4,-4.6,467.8,0.067,0.168,0.014,0.42,0.0,0.51,0.06,0.46,2.19,0.0,1.49,0.0,0.0,0.48,0.17,0.0,0.0,1.28,0.27,0.64,0.0,0.0,0.0,0.0,0.0,0.0,0.0,1.0,0.0,0.0,0.0,0.0,0.0,0.0,1.0,0.0,0.0,0.0
433,434,14.433,0.98,1,-0.14561,0.214963,-0.965706,-0.268425,0.241034,-0.932658,-0.215,0.236,71.0,-4.1,468.3,0.066,0.173,0.011,0.42,0.0,0.54,0.06,0.41,2.28,0.0,1.54,0.0,0.0,0.59,0.32,0.0,0.0,1.31,0.67,0.58,0.0,0.0,0.0,0.0,0.0,0.0,0.0,1.0,0.0,0.0,0.0,0.0,0.0,0.0,1.0,0.0,0.0,0.0
434,435,14.467,0.98,1,-0.063238,0.224655,-0.972384,-0.228215,0.233782,-0.945126,-0.151,0.235,71.5,-3.4,465.9,0.051,0.155,0.015,0.47,0.0,0.55,0.06,0.43,2.1,0.0,1.54,0.0,0.0,0.5,0.42,0.0,0.0,1.47,0.8,0.49,0.0,0.0,0.0,0.0,0.0,0.0,0.0,1.0,0.0,0.0,0.0,0.0,0.0,0.0,1.0,0.0,0.0,0.0
435,436,14.5,0.98,1,-0.069485,0.222386,-0.97248,-0.204286,0.235353,-0.950198,-0.141,0.234,72.1,-3.0,466.4,0.062,0.147,0.014,0.39,0.0,0.54,0.0,0.42,2.06,0.0,1.42,0.0,0.0,0.53,0.4,0.02,0.0,1.45,1.12,0.35,0.0,0.0,0.0,0.0,0.0,0.0,0.0,1.0,0.0,0.0,0.0,0.0,0.0,0.0,1.0,0.0,0.0,0.0
436,437,14.533,0.98,1,-0.060147,0.233368,-0.970527,-0.196737,0.227854,-0.953613,-0.133,0.235,73.2,-2.4,468.8,0.067,0.138,0.012,0.38,0.0,0.49,0.0,0.47,1.88,0.0,1.34,0.03,0.0,0.31,0.42,0.03,0.0,1.27,0.79,0.37,0.0,0.0,0.0,0.0,0.0,0.0,0.0,1.0,0.0,0.0,0.0,0.0,0.0,0.0,1.0,0.0,0.0,0.0
437,438,14.567,0.98,1,-0.062478,0.212678,-0.975123,-0.192275,0.204617,-0.959772,-0.131,0.212,73.7,-2.4,468.4,0.052,0.137,0.012,0.39,0.0,0.49,0.0,0.52,1.99,0.0,1.25,0.06,0.0,0.13,0.4,0.17,0.0,0.76,0.6,0.33,0.0,0.0,0.0,0.0,0.0,0.0,0.0,1.0,0.0,0.0,0.0,0.0,0.0,0.0,0.0,0.0,0.0,0.0
438,439,14.6,0.98,1,-0.063061,0.220013,-0.973457,-0.20721,0.215706,-0.954219,-0.139,0.222,74.8,-2.5,470.0,0.049,0.131,0.011,0.43,0.0,0.36,0.0,0.55,1.95,0.0,1.2,0.12,0.0,0.02,0.63,0.2,0.01,0.33,0.31,0.3,0.0,0.0,0.0,0.0,0.0,0.0,0.0,1.0,0.0,0.0,0.0,0.0,0.0,0.0,0.0,0.0,0.0,0.0
439,440,14.633,0.98,1,-0.05483,0.235353,-0.970362,-0.224745,0.209468,-0.951637,-0.144,0.227,75.4,-1.9,470.1,0.056,0.127,0.008,0.39,0.0,0.3,0.0,0.58,1.98,0.0,1.16,0.09,0.0,0.03,0.63,0.28,0.03,0.13,0.27,0.27,0.0,0.0,0.0,0.0,0.0,0.0,0.0,1.0,0.0,0.0,0.0,0.0,0.0,0.0,0.0,0.0,0.0,0.0
440,441,14.667,0.98,1,-0.079726,0.232094,-0.969421,-0.210278,0.198388,-0.957301,-0.149,0.22,75.6,-1.6,467.9,0.057,0.129,0.008,0.31,0.0,0.18,0.07,0.51,1.88,0.0,1.17,0.06,0.0,0.13,0.58,0.22,0.03,0.46,0.33,0.19,0.0,0.0,0.0,0.0,0.0,0.0,0.0,1.0,0.0,0.0,0.0,0.0,0.0,0.0,0.0,0.0,0.0,0.0
441,442,14.7,0.98,1,-0.078054,0.220576,-0.972242,-0.21205,0.205798,-0.955344,-0.149,0.218,76.3,-1.2,468.2,0.069,0.118,0.004,0.22,0.0,0.19,0.08,0.46,1.71,0.0,1.13,0.02,0.0,0.13,0.41,0.25,0.02,0.82,0.53,0.17,0.0,0.0,0.0,0.0,0.0,0.0,0.0,1.0,0.0,0.0,0.0,0.0,0.0,0.0,0.0,0.0,0.0,0.0
442,443,14.733,0.98,1,-0.056939,0.230195,-0.971477,-0.212872,0.208623,-0.954548,-0.139,0.224,76.9,-0.5,469.7,0.073,0.115,0.003,0.2,0.0,0.16,0.18,0.48,1.96,0.0,1.22,0.09,0.0,0.09,0.32,0.22,0.0,1.14,0.68,0.17,0.0,0.0,0.0,0.0,0.0,0.0,0.0,1.0,0.0,0.0,0.0,0.0,0.0,0.0,1.0,0.0,0.0,0.0
443,444,14.767,0.98,1,-0.069924,0.214417,-0.974236,-0.207941,0.200821,-0.957304,-0.143,0.212,77.3,-0.4,469.8,0.071,0.112,0.001,0.24,0.0,0.16,0.11,0.52,2.03,0.0,1.17,0.16,0.0,0.06,0.23,0.18,0.0,1.21,0.64,0.23,0.0,0.0,0.0,0.0,0.0,0.0,0.0,1.0,0.0,0.0,0.0,0.0,0.0,0.0,1.0,0.0,0.0,0.0
444,445,14.8,0.98,1,-0.067857,0.216046,-0.974022,-0.199628,0.196155,-0.960037,-0.137,0.21,77.5,-0.4,471.0,0.075,0.113,0.003,0.28,0.03,0.17,0.17,0.53,2.08,0.0,1.1,0.19,0.0,0.09,0.15,0.17,0.0,1.15,0.51,0.23,0.0,0.0,0.0,0.0,0.0,0.0,0.0,1.0,0.0,0.0,0.0,0.0,0.0,0.0,1.0,0.0,0.0,0.0
445,446,14.833,0.98,1,-0.052267,0.220986,-0.973875,-0.206322,0.206163,-0.956519,-0.133,0.218,78.0,-0.2,472.4,0.07,0.113,0.006,0.29,0.03,0.19,0.12,0.49,2.06,0.0,1.06,0.2,0.0,0.19,0.14,0.16,0.0,1.23,0.42,0.24,0.0,0.0,0.0,0.0,0.0,0.0,0.0,1.0,0.0,0.0,0.0,0.0,0.0,0.0,1.0,0.0,0.0,0.0
446,447,14.867,0.98,1,-0.063031,0.225514,-0.972199,-0.206126,0.192249,-0.959454,-0.138,0.213,78.1,-0.2,472.7,0.069,0.115,0.007,0.35,0.04,0.16,0.12,0.38,2.11,0.0,1.07,0.15,0.0,0.29,0.22,0.31,0.0,1.15,0.62,0.25,0.0,0.0,0.0,0.0,0.0,0.0,0.0,1.0,0.0,0.0,0.0,0.0,0.0,0.0,1.0,0.0,0.0,1.0
447,448,14.9,0.98,1,-0.030132,0.231719,-0.972316,-0.179672,0.248193,-0.951902,-0.109,0.244,78.8,-0.1,474.1,0.062,0.109,0.009,0.84,0.39,0.15,0.17,0.22,2.15,0.02,1.22,0.13,0.0,0.34,0.41,0.41,0.0,1.27,0.75,0.83,1.0,1.0,0.0,0.0,0.0,0.0,0.0,1.0,0.0,0.0,0.0,0.0,0.0,0.0,1.0,0.0,0.0,1.0
448,449,14.933,0.98,1,0.09951,0.29548,-0.950152,-0.243826,0.292976,-0.924507,-0.077,0.304,80.2,0.6,484.2,0.059,0.108,0.01,1.27,0.68,0.26,0.13,0.08,1.88,0.02,1.23,0.05,0.0,0.32,0.53,0.36,0.0,1.15,0.89,1.31,1.0,1.0,0.0,0.0,0.0,0.0,0.0,1.0,0.0,0.0,0.0,1.0,0.0,0.0,0.0,0.0,0.0,1.0
449,450,14.967,0.98,1,0.050597,0.298142,-0.95318,-0.235123,0.306527,-0.922365,-0.098,0.312,79.8,0.6,481.2,0.048,0.102,0.016,1.41,0.84,0.42,0.24,0.0,1.72,0.02,1.29,0.03,0.0,0.27,0.6,0.17,0.0,1.15,0.76,1.7,1.0,1.0,0.0,0.0,0.0,0.0,0.0,1.0,0.0,0.0,0.0,1.0,0.0,0.0,0.0,0.0,0.0,1.0
450,451,15.0,0.98,1,0.02654,0.279574,-0.959757,-0.218475,0.294747,-0.930265,-0.101,0.295,78.9,0.2,477.0,0.049,0.101,0.02,1.24,0.8,0.61,0.26,0.09,1.93,0.0,1.38,0.03,0.0,0.3,0.62,0.0,0.0,1.03,0.54,1.32,1.0,1.0,0.0,0.0,0.0,0.0,0.0,1.0,0.0,0.0,0.0,1.0,0.0,0.0,0.0,0.0,0.0,1.0
451,452,15.033,0.98,1,0.007068,0.271685,-0.96236,-0.229921,0.277672,-0.932757,-0.117,0.282,79.1,0.1,477.3,0.054,0.107,0.017,0.89,0.51,0.57,0.32,0.15,1.98,0.0,1.39,0.03,0.0,0.47,0.62,0.0,0.0,0.9,0.24,0.92,1.0,1.0,0.0,0.0,0.0,0.0,0.0,1.0,0.0,0.0,0.0,1.0,0.0,0.0,0.0,0.0,0.0,1.0
452,453,15.067,0.98,1,-0.050125,0.247234,-0.967659,-0.193955,0.266768,-0.944043,-0.127,0.263,78.7,0.1,476.0,0.051,0.115,0.016,0.66,0.36,0.46,0.25,0.22,1.98,0.0,1.31,0.03,0.0,0.43,0.57,0.0,0.0,0.7,0.05,0.64,0.0,1.0,0.0,0.0,0.0,0.0,0.0,0.0,0.0,0.0,0.0,1.0,0.0,0.0,0.0,0.0,0.0,1.0
453,454,15.1,0.98,1,-0.038089,0.239229,-0.970216,-0.191727,0.26655,-0.944559,-0.119,0.258,78.5,0.1,474.2,0.056,0.114,0.011,0.4,0.05,0.23,0.11,0.23,1.75,0.0,1.09,0.0,0.0,0.42,0.54,0.07,0.0,0.61,0.01,0.56,0.0,0.0,0.0,0.0,0.0,0.0,0.0,0.0,0.0,0.0,0.0,1.0,0.0,0.0,0.0,0.0,0.0,1.0
454,455,15.133,0.98,1,-0.067632,0.23294,-0.970136,-0.197477,0.239948,-0.950488,-0.137,0.241,78.5,0.2,474.9,0.062,0.115,0.006,0.32,0.05,0.19,0.08,0.29,1.93,0.0,1.03,0.0,0.0,0.16,0.47,0.07,0.0,0.6,0.01,0.44,0.0,0.0,0.0,0.0,0.0,0.0,0.0,0.0,0.0,0.0,0.0,1.0,0.0,0.0,0.0,0.0,0.0,0.0
455,456,15.167,0.98,1,-0.064055,0.229318,-0.971242,-0.179161,0.240982,-0.953849,-0.126,0.24,78.2,0.4,473.3,0.063,0.113,0.005,0.27,0.08,0.2,0.04,0.31,2.07,0.0,1.03,0.0,0.0,0.12,0.38,0.07,0.0,0.6,0.0,0.47,0.0,0.0,0.0,0.0,0.0,0.0,0.0,0.0,0.0,0.0,0.0,1.0,0.0,0.0,0.0,0.0,0.0,0.0
456,457,15.2,0.98,1,-0.058227,0.232293,-0.970901,-0.183638,0.246734,-0.951525,-0.125,0.244,78.2,0.5,473.2,0.063,0.108,0.008,0.13,0.05,0.26,0.04,0.34,2.04,0.0,1.08,0.0,0.0,0.02,0.24,0.0,0.0,0.45,0.0,0.43,0.0,0.0,0.0,0.0,0.0,0.0,0.0,0.0,0.0,0.0,0.0,1.0,0.0,0.0,0.0,0.0,0.0,0.0
457,458,15.233,0.98,1,-0.051468,0.225397,-0.972906,-0.173114,0.242687,-0.954534,-0.116,0.238,78.3,0.6,473.0,0.063,0.107,-0.0,0.15,0.05,0.26,0.0,0.28,2.09,0.0,1.01,0.0,0.0,0.02,0.29,0.0,0.0,0.4,0.0,0.34,0.0,0.0,0.0,0.0,0.0,0.0,0.0,0.0,0.0,0.0,0.0,1.0,0.0,0.0,0.0,0.0,0.0,0.0
458,459,15.267,0.98,1,-0.054443,0.230882,-0.971457,-0.173496,0.253597,-0.951624,-0.118,0.247,78.3,0.8,471.5,0.06,0.105,-0.002,0.29,0.13,0.3,0.15,0.24,2.13,0.0,0.97,0.0,0.0,0.01,0.43,0.0,0.0,0.47,0.0,0.23,0.0,0.0,0.0,0.0,0.0,0.0,0.0,0.0,0.0,0.0,0.0,1.0,0.0,0.0,0.0,0.0,0.0,0.0
459,460,15.3,0.98,1,-0.076039,0.220034,-0.972524,-0.163891,0.258574,-0.951987,-0.124,0.244,78.7,1.0,470.8,0.064,0.098,-0.011,0.33,0.18,0.3,0.16,0.17,2.05,0.0,0.86,0.0,0.0,0.0,0.49,0.0,0.0,0.46,0.0,0.29,0.0,0.0,0.0,0.0,0.0,0.0,0.0,0.0,0.0,0.0,0.0,1.0,0.0,0.0,0.0,0.0,0.0,0.0
460,461,15.333,0.98,1,-0.041915,0.243498,-0.968995,-0.158882,0.256683,-0.953347,-0.104,0.255,79.3,1.2,472.8,0.065,0.093,-0.014,0.42,0.27,0.31,0.16,0.19,1.94,0.0,0.73,0.02,0.0,0.01,0.38,0.0,0.0,0.5,0.0,0.37,0.0,0.0,0.0,0.0,0.0,0.0,0.0,0.0,0.0,0.0,0.0,1.0,0.0,0.0,0.0,0.0,0.0,0.0
461,462,15.367,0.98,1,-0.063879,0.220338,-0.97333,-0.172686,0.205775,-0.963243,-0.122,0.217,79.6,1.4,472.6,0.065,0.091,-0.016,0.33,0.17,0.24,0.01,0.22,1.83,0.0,0.72,0.03,0.0,0.05,0.41,0.0,0.0,0.51,0.0,0.37,0.0,0.0,0.0,0.0,0.0,0.0,0.0,0.0,0.0,0.0,0.0,1.0,0.0,0.0,0.0,0.0,0.0,0.0
462,463,15.4,0.98,1,-0.036798,0.233724,-0.971606,-0.177379,0.224772,-0.958131,-0.111,0.233,79.5,1.7,471.4,0.073,0.086,-0.018,0.34,0.17,0.26,0.0,0.26,1.78,0.0,0.83,0.05,0.0,0.14,0.41,0.0,0.0,0.67,0.0,0.22,0.0,0.0,0.0,0.0,0.0,0.0,0.0,0.0,0.0,0.0,0.0,1.0,0.0,0.0,0.0,0.0,0.0,0.0
463,464,15.433,0.98,1,-0.039576,0.233979,-0.971436,-0.176102,0.238588,-0.95502,-0.111,0.241,79.7,2.1,472.1,0.076,0.088,-0.017,0.21,0.08,0.19,0.0,0.18,1.66,0.01,0.8,0.03,0.0,0.19,0.36,0.0,0.0,0.88,0.0,0.25,0.0,0.0,0.0,0.0,0.0,0.0,0.0,0.0,0.0,0.0,0.0,1.0,0.0,0.0,0.0,0.0,0.0,0.0
464,465,15.467,0.98,1,-0.049556,0.223092,-0.973537,-0.177712,0.242823,-0.953654,-0.117,0.237,79.4,2.5,469.9,0.079,0.09,-0.018,0.08,0.08,0.12,0.0,0.11,1.68,0.01,0.89,0.02,0.0,0.15,0.3,0.04,0.0,0.89,0.09,0.22,0.0,0.0,0.0,0.0,0.0,0.0,0.0,0.0,0.0,0.0,0.0,1.0,0.0,0.0,0.0,0.0,0.0,0.0
465,466,15.5,0.98,1,-0.06336,0.229227,-0.971309,-0.191309,0.244692,-0.95054,-0.132,0.242,79.2,3.0,469.5,0.093,0.095,-0.018,0.08,0.13,0.09,0.0,0.09,1.92,0.01,0.85,0.01,0.0,0.27,0.16,0.07,0.0,0.89,0.27,0.32,0.0,0.0,0.0,0.0,0.0,0.0,0.0,0.0,0.0,0.0,0.0,0.0,0.0,0.0,0.0,0.0,0.0,0.0
466,467,15.533,0.98,1,-0.026644,0.235098,-0.971606,-0.201085,0.230897,-0.951972,-0.118,0.238,79.3,3.6,471.0,0.097,0.097,-0.022,0.1,0.13,0.09,0.0,0.11,1.98,0.0,0.79,0.01,0.0,0.2,0.11,0.07,0.0,0.69,0.34,0.3,0.0,0.0,0.0,0.0,0.0,0.0,0.0,0.0,0.0,0.0,0.0,0.0,0.0,0.0,0.0,0.0,0.0,0.0
467,468,15.567,0.98,1,-0.025607,0.24506,-0.96917,-0.196108,0.253036,-0.947373,-0.115,0.254,79.2,3.8,469.5,0.096,0.09,-0.019,0.13,0.1,0.09,0.0,0.13,1.96,0.0,0.59,0.04,0.0,0.2,0.01,0.02,0.0,0.72,0.25,0.25,0.0,0.0,0.0,0.0,0.0,0.0,0.0,0.0,0.0,0.0,0.0,0.0,0.0,0.0,0.0,0.0,0.0,0.0
468,469,15.6,0.98,1,-0.027532,0.245736,-0.968946,-0.19643,0.253763,-0.947111,-0.116,0.255,79.2,3.8,469.3,0.101,0.086,-0.018,0.07,0.0,0.0,0.03,0.15,1.92,0.0,0.42,0.13,0.0,0.03,0.07,0.0,0.06,0.46,0.07,0.24,0.0,0.0,0.0,0.0,0.0,0.0,0.0,0.0,0.0,0.0,0.0,0.0,0.0,0.0,0.0,0.0,0.0,0.0
469,470,15.633,0.98,1,-0.024233,0.240337,-0.970387,-0.199658,0.244565,-0.948854,-0.116,0.247,79.3,3.8,470.2,0.094,0.088,-0.016,0.14,0.04,0.0,0.03,0.18,2.03,0.0,0.47,0.23,0.0,0.04,0.17,0.0,0.16,0.26,0.0,0.28,0.0,0.0,0.0,0.0,0.0,0.0,0.0,0.0,0.0,0.0,0.0,0.0,0.0,0.0,0.0,0.0,0.0,0.0
470,471,15.667,0.98,1,-0.028601,0.244697,-0.969178,-0.194287,0.246617,-0.949438,-0.116,0.251,79.5,3.7,470.0,0.093,0.084,-0.017,0.19,0.07,0.0,0.04,0.2,1.97,0.0,0.42,0.3,0.0,0.04,0.23,0.16,0.34,0.03,0.0,0.38,0.0,0.0,0.0,0.0,0.0,0.0,0.0,0.0,0.0,0.0,0.0,0.0,0.0,0.0,0.0,0.0,0.0,0.0
471,472,15.7,0.98,1,-0.024352,0.243285,-0.969649,-0.195467,0.239962,-0.9509,-0.114,0.247,79.5,3.6,468.8,0.097,0.075,-0.017,0.19,0.26,0.0,0.14,0.22,1.95,0.0,0.51,0.33,0.0,0.01,0.2,0.27,0.47,0.0,0.0,0.29,0.0,0.0,0.0,0.0,0.0,0.0,0.0,0.0,0.0,0.0,0.0,0.0,0.0,0.0,0.0,0.0,0.0,0.0
472,473,15.733,0.98,1,-0.019074,0.238824,-0.970876,-0.186981,0.241964,-0.952098,-0.107,0.245,79.7,4.1,468.7,0.101,0.07,-0.018,0.12,0.48,0.0,0.14,0.27,1.75,0.0,0.59,0.37,0.0,0.0,0.1,0.36,0.52,0.0,0.0,0.22,0.0,0.0,0.0,0.0,0.0,0.0,0.0,0.0,0.0,0.0,0.0,0.0,0.0,0.0,0.0,0.0,0.0,0.0
473,474,15.767,0.98,1,-0.028304,0.243048,-0.969601,-0.187569,0.251783,-0.949433,-0.112,0.252,79.5,4.7,468.5,0.107,0.082,-0.022,0.11,0.55,0.0,0.12,0.33,1.84,0.04,0.76,0.47,0.0,0.0,0.03,0.43,0.5,0.0,0.0,0.26,0.0,0.0,0.0,0.0,0.0,0.0,0.0,0.0,0.0,0.0,0.0,0.0,0.0,0.0,0.0,0.0,0.0,0.0
474,475,15.8,0.98,1,-0.024352,0.236887,-0.971232,-0.1881,0.261019,-0.94683,-0.11,0.254,78.9,5.4,466.9,0.118,0.084,-0.027,0.1,0.55,0.0,0.0,0.37,1.99,0.04,0.82,0.56,0.0,0.0,0.01,0.35,0.5,0.0,0.0,0.36,0.0,0.0,0.0,0.0,0.0,0.0,0.0,0.0,0.0,0.0,0.0,0.0,0.0,0.0,0.0,0.0,0.0,0.0
475,476,15.833,0.98,1,-0.015499,0.251449,-0.967746,-0.181522,0.268832,-0.945928,-0.103,0.265,78.7,6.5,469.2,0.125,0.098,-0.03,0.06,0.37,0.0,0.0,0.35,1.98,0.04,0.92,0.58,0.0,0.0,0.0,0.26,0.53,0.0,0.0,0.37,0.0,0.0,0.0,0.0,0.0,0.0,0.0,0.0,0.0,0.0,0.0,0.0,0.0,0.0,0.0,0.0,0.0,0.0
476,477,15.867,0.98,1,-0.028401,0.2473,-0.968523,-0.17597,0.248964,-0.952392,-0.106,0.253,78.3,7.7,469.2,0.132,0.106,-0.03,0.0,0.33,0.0,0.03,0.32,1.67,0.0,0.9,0.53,0.0,0.0,0.0,0.13,0.62,0.0,0.0,0.49,0.0,1.0,0.0,0.0,0.0,0.0,0.0,0.0,0.0,0.0,0.0,0.0,0.0,0.0,0.0,0.0,0.0,0.0
477,478,15.9,0.98,1,-0.052418,0.277774,-0.959215,-0.194945,0.288781,-0.937338,-0.13,0.29,77.9,8.6,468.4,0.145,0.106,-0.039,0.0,0.32,0.0,0.03,0.29,1.23,0.0,0.93,0.53,0.0,0.0,0.0,0.24,0.61,0.0,0.0,0.52,0.0,0.0,0.0,0.0,0.0,0.0,0.0,0.0,0.0,0.0,0.0,0.0,0.0,0.0,0.0,0.0,0.0,0.0
478,479,15.933,0.98,1,-0.038226,0.271357,-0.961719,-0.210434,0.298031,-0.931072,-0.131,0.292,78.1,9.3,471.2,0.152,0.105,-0.044,0.0,0.39,0.0,0.03,0.29,1.14,0.0,0.88,0.51,0.0,0.0,0.0,0.37,0.63,0.0,0.0,0.72,0.0,0.0,0.0,0.0,0.0,0.0,0.0,0.0,0.0,0.0,0.0,0.0,0.0,0.0,0.0,0.0,0.0,0.0
479,480,15.967,0.98,1,-0.051725,0.282661,-0.957824,-0.194228,0.311106,-0.930316,-0.13,0.305,77.7,10.0,468.7,0.157,0.109,-0.045,0.0,0.4,0.0,0.0,0.28,1.23,0.0,0.96,0.51,0.0,0.0,0.0,0.45,0.57,0.0,0.0,0.8,0.0,0.0,0.0,0.0,0.0,0.0,0.0,0.0,0.0,0.0,0.0,0.0,0.0,0.0,0.0,0.0,0.0,0.0
480,481,16.0,0.98,1,-0.067677,0.273669,-0.95944,-0.191538,0.306306,-0.932464,-0.136,0.297,77.5,10.3,468.6,0.158,0.111,-0.047,0.0,0.28,0.0,0.01,0.28,1.33,0.0,1.09,0.45,0.0,0.0,0.01,0.54,0.54,0.0,0.05,0.91,0.0,0.0,0.0,0.0,0.0,0.0,0.0,0.0,0.0,0.0,0.0,0.0,0.0,0.0,0.0,0.0,0.0,0.0
481,482,16.033,0.98,1,-0.060085,0.276916,-0.959014,-0.203662,0.29497,-0.933549,-0.138,0.293,77.5,10.7,469.9,0.165,0.113,-0.051,0.0,0.19,0.0,0.01,0.35,1.28,0.0,1.2,0.48,0.1,0.0,0.05,0.59,0.49,0.0,0.05,0.75,0.0,0.0,0.0,0.0,0.0,0.0,0.0,1.0,0.0,0.0,0.0,0.0,0.0,0.0,0.0,0.0,0.0,0.0
482,483,16.067,0.98,1,-0.063774,0.295527,-0.953203,-0.187268,0.280534,-0.941399,-0.132,0.295,77.1,11.0,469.2,0.169,0.113,-0.051,0.0,0.1,0.0,0.04,0.37,1.17,0.0,1.23,0.52,0.18,0.0,0.2,0.57,0.48,0.0,0.05,0.71,0.0,0.0,0.0,0.0,0.0,0.0,0.0,1.0,0.0,0.0,0.0,0.0,0.0,0.0,0.0,0.0,0.0,0.0
483,484,16.1,0.98,1,-0.065916,0.309798,-0.948515,-0.195472,0.314224,-0.929007,-0.138,0.321,76.5,11.3,467.7,0.169,0.118,-0.054,0.0,0.05,0.0,0.13,0.43,1.12,0.0,1.16,0.49,0.19,0.0,0.18,0.5,0.4,0.0,0.0,0.76,0.0,0.0,0.0,0.0,0.0,0.0,0.0,1.0,0.0,0.0,0.0,0.0,0.0,0.0,0.0,0.0,0.0,0.0
484,485,16.133,0.98,1,-0.072403,0.315201,-0.946259,-0.187674,0.313807,-0.930754,-0.138,0.323,76.2,12.0,467.6,0.173,0.122,-0.056,0.0,0.11,0.0,0.17,0.46,1.25,0.08,1.16,0.38,0.2,0.0,0.15,0.46,0.28,0.0,0.0,0.78,0.0,0.0,0.0,0.0,0.0,0.0,0.0,1.0,0.0,0.0,0.0,0.0,0.0,0.0,0.0,0.0,0.0,0.0
485,486,16.167,0.98,1,-0.045609,0.276408,-0.959958,-0.188821,0.272157,-0.943545,-0.123,0.281,75.9,12.4,468.0,0.167,0.123,-0.057,0.03,0.11,0.0,0.3,0.46,1.43,0.08,1.14,0.26,0.12,0.0,0.0,0.44,0.15,0.0,0.0,0.68,0.0,0.0,0.0,0.0,0.0,0.0,0.0,1.0,0.0,0.0,0.0,0.0,0.0,0.0,0.0,0.0,0.0,0.0
486,487,16.2,0.98,1,-0.039503,0.263679,-0.963801,-0.174302,0.28729,-0.941851,-0.112,0.281,75.4,12.8,467.1,0.168,0.122,-0.06,0.03,0.11,0.0,0.29,0.4,1.36,0.08,1.1,0.25,0.15,0.0,0.0,0.48,0.15,0.0,0.0,0.56,0.0,0.0,0.0,0.0,0.0,0.0,0.0,1.0,0.0,0.0,0.0,0.0,0.0,0.0,0.0,0.0,0.0,0.0
487,488,16.233,0.98,1,-0.05317,0.276981,-0.959403,-0.200084,0.309452,-0.929627,-0.133,0.301,75.2,12.9,468.7,0.172,0.124,-0.06,0.03,0.0,0.0,0.46,0.31,1.18,0.03,1.04,0.31,0.08,0.0,0.0,0.54,0.18,0.0,0.0,0.72,0.0,0.0,0.0,0.0,0.0,0.0,0.0,1.0,0.0,0.0,0.0,0.0,0.0,0.0,0.0,0.0,0.0,0.0
488,489,16.267,0.98,1,-0.055894,0.264872,-0.962662,-0.171466,0.295445,-0.939847,-0.119,0.286,74.4,12.8,468.2,0.164,0.126,-0.061,0.0,0.05,0.0,0.49,0.32,1.24,0.07,1.06,0.32,0.11,0.0,0.0,0.57,0.2,0.0,0.0,0.51,0.0,0.0,0.0,0.0,0.0,0.0,0.0,1.0,0.0,0.0,0.0,0.0,0.0,0.0,0.0,0.0,0.0,0.0
489,490,16.3,0.98,1,-0.06956,0.281549,-0.957022,-0.178378,0.300281,-0.937023,-0.13,0.298,74.1,12.5,468.2,0.17,0.129,-0.064,0.0,0.05,0.0,0.54,0.34,1.3,0.09,1.17,0.26,0.19,0.0,0.0,0.47,0.22,0.0,0.0,0.29,0.0,0.0,0.0,0.0,0.0,0.0,0.0,1.0,0.0,0.0,0.0,0.0,0.0,0.0,0.0,0.0,0.0,0.0
490,491,16.333,0.98,1,-0.065064,0.261707,-0.962952,-0.176994,0.297016,-0.938325,-0.127,0.286,74.0,12.3,467.7,0.174,0.126,-0.061,0.0,0.05,0.0,0.38,0.33,1.43,0.16,1.3,0.18,0.15,0.0,0.0,0.28,0.29,0.0,0.0,0.0,0.0,0.0,0.0,0.0,0.0,0.0,0.0,1.0,0.0,0.0,0.0,0.0,0.0,0.0,0.0,0.0,0.0,0.0
491,492,16.367,0.98,1,-0.068481,0.267191,-0.961207,-0.180413,0.291537,-0.939392,-0.13,0.286,73.8,12.2,466.4,0.17,0.121,-0.059,0.0,0.0,0.0,0.28,0.33,1.22,0.13,1.34,0.15,0.12,0.0,0.0,0.18,0.34,0.0,0.0,0.0,0.0,0.0,0.0,0.0,0.0,0.0,0.0,1.0,0.0,0.0,0.0,0.0,0.0,0.0,0.0,0.0,0.0,0.0
492,493,16.4,0.98,1,-0.068346,0.258611,-0.963561,-0.177324,0.290299,-0.940363,-0.128,0.281,73.8,12.0,465.8,0.167,0.116,-0.058,0.0,0.0,0.0,0.21,0.37,1.2,0.13,1.35,0.18,0.07,0.0,0.0,0.17,0.39,0.0,0.0,0.0,0.0,0.0,0.0,0.0,0.0,0.0,0.0,1.0,0.0,0.0,0.0,0.0,0.0,0.0,0.0,0.0,0.0,0.0
493,494,16.433,0.98,1,-0.058973,0.260925,-0.963556,-0.173715,0.297785,-0.938694,-0.122,0.286,74.1,12.1,467.0,0.167,0.113,-0.055,0.0,0.0,0.0,0.21,0.4,1.28,0.13,1.42,0.19,0.07,0.0,0.0,0.2,0.38,0.0,0.0,0.0,0.0,0.0,0.0,0.0,0.0,0.0,0.0,1.0,0.0,0.0,0.0,0.0,0.0,0.0,0.0,0.0,0.0,0.0
494,495,16.467,0.98,1,-0.050526,0.254884,-0.965651,-0.176965,0.300227,-0.937308,-0.119,0.284,73.9,12.1,466.2,0.167,0.113,-0.057,0.0,0.02,0.0,0.28,0.35,1.31,0.14,1.4,0.23,0.07,0.0,0.0,0.21,0.4,0.0,0.0,0.0,0.0,0.0,0.0,0.0,0.0,0.0,0.0,1.0,0.0,0.0,0.0,0.0,0.0,0.0,0.0,0.0,0.0,0.0
495,496,16.5,0.98,1,-0.051308,0.2615,-0.963839,-0.173201,0.2935,-0.940138,-0.117,0.284,73.8,12.2,465.9,0.166,0.113,-0.058,0.0,0.06,0.0,0.31,0.28,1.35,0.11,1.38,0.18,0.0,0.0,0.0,0.24,0.35,0.0,0.0,0.0,0.0,1.0,0.0,0.0,0.0,0.0,0.0,1.0,0.0,0.0,0.0,0.0,0.0,0.0,0.0,0.0,0.0,0.0
496,497,16.533,0.98,1,-0.044023,0.261723,-0.964139,-0.174542,0.284655,-0.942606,-0.114,0.279,73.6,12.7,465.5,0.169,0.112,-0.059,0.0,0.06,0.0,0.41,0.24,1.24,0.05,1.28,0.18,0.0,0.0,0.0,0.22,0.36,0.0,0.0,0.0,0.0,0.0,0.0,0.0,0.0,0.0,0.0,1.0,0.0,0.0,0.0,0.0,0.0,0.0,0.0,0.0,0.0,0.0
497,498,16.567,0.98,1,-0.043788,0.254455,-0.966093,-0.162168,0.277814,-0.946848,-0.107,0.271,73.3,13.0,464.9,0.167,0.11,-0.056,0.0,0.05,0.0,0.42,0.28,1.32,0.05,1.27,0.14,0.0,0.0,0.0,0.19,0.29,0.0,0.0,0.0,0.0,0.0,0.0,0.0,0.0,0.0,0.0,1.0,0.0,0.0,0.0,0.0,0.0,0.0,0.0,0.0,0.0,0.0
498,499,16.6,0.98,1,-0.044803,0.252418,-0.966581,-0.168316,0.27743,-0.945887,-0.111,0.27,73.2,13.2,464.8,0.172,0.114,-0.06,0.0,0.04,0.0,0.39,0.31,1.46,0.05,1.21,0.13,0.0,0.0,0.0,0.21,0.31,0.0,0.0,0.0,0.0,0.0,0.0,1.0,0.0,0.0,0.0,1.0,0.0,0.0,0.0,0.0,0.0,0.0,0.0,0.0,0.0,0.0
499,500,16.633,0.98,1,-0.024926,0.255653,-0.966447,-0.159708,0.277543,-0.947345,-0.096,0.272,72.9,13.3,463.8,0.174,0.108,-0.058,0.0,0.04,0.0,0.29,0.23,1.55,0.01,1.18,0.08,0.0,0.0,0.02,0.22,0.34,0.0,0.0,0.0,0.0,0.0,0.0,1.0,0.0,0.0,0.0,1.0,0.0,0.0,0.0,0.0,0.0,0.0,0.0,0.0,0.0,0.0
500,501,16.667,0.98,1,0.00406,0.262714,-0.964865,-0.163735,0.259077,-0.951877,-0.083,0.266,72.8,13.4,462.5,0.17,0.105,-0.055,0.0,0.03,0.0,0.3,0.14,1.6,0.0,1.28,0.05,0.0,0.0,0.02,0.23,0.37,0.0,0.0,0.0,0.0,1.0,0.0,1.0,0.0,0.0,0.0,1.0,0.0,0.0,0.0,0.0,0.0,0.0,0.0,0.0,0.0,0.0
501,502,16.7,0.98,1,0.002588,0.262965,-0.964802,-0.171977,0.25606,-0.95124,-0.088,0.265,72.7,13.4,461.5,0.171,0.107,-0.056,0.0,0.0,0.0,0.35,0.05,1.46,0.0,1.26,0.0,0.0,0.0,0.02,0.23,0.31,0.0,0.09,0.03,0.0,1.0,0.0,1.0,0.0,0.0,0.0,1.0,0.0,0.0,0.0,0.0,0.0,0.0,0.0,0.0,0.0,0.0
502,503,16.733,0.98,1,-0.001583,0.271586,-0.962413,-0.154241,0.266936,-0.951291,-0.081,0.274,72.7,13.7,459.2,0.187,0.101,-0.059,0.0,0.0,0.0,0.35,0.05,1.4,0.0,1.23,0.0,0.0,0.09,0.0,0.2,0.18,0.06,0.16,0.03,0.0,1.0,0.0,1.0,0.0,0.0,0.0,1.0,0.0,0.0,0.0,0.0,0.0,0.0,0.0,0.0,0.0,0.0
503,504,16.767,0.98,1,-0.032299,0.259636,-0.965166,-0.151076,0.253218,-0.95554,-0.095,0.261,72.7,13.7,457.4,0.176,0.104,-0.06,0.0,0.0,0.0,0.23,0.03,1.28,0.0,1.13,0.0,0.0,0.26,0.0,0.26,0.07,0.27,0.16,0.03,0.0,1.0,0.0,1.0,0.0,0.0,0.0,1.0,0.0,0.0,0.0,0.0,0.0,0.0,0.0,0.0,0.0,0.0
504,505,16.8,0.98,1,-0.034383,0.255776,-0.966124,-0.159771,0.254562,-0.953767,-0.101,0.26,72.5,13.5,455.3,0.17,0.111,-0.064,0.0,0.0,0.0,0.14,0.0,1.35,0.0,1.16,0.0,0.0,0.33,0.0,0.16,0.02,0.38,0.17,0.0,0.0,1.0,0.0,1.0,0.0,0.0,0.0,1.0,0.0,0.0,0.0,0.0,0.0,0.0,0.0,0.0,0.0,0.0
505,506,16.833,0.98,1,-0.018262,0.265187,-0.964024,-0.157872,0.255342,-0.953875,-0.092,0.265,72.5,13.4,454.5,0.17,0.114,-0.07,0.0,0.0,0.0,0.09,0.04,1.5,0.0,1.33,0.0,0.0,0.33,0.04,0.15,0.0,0.45,0.37,0.22,0.0,1.0,0.0,0.0,0.0,0.0,0.0,1.0,0.0,0.0,0.0,0.0,0.0,0.0,0.0,0.0,0.0,0.0
506,507,16.867,0.98,1,0.016242,0.270195,-0.962669,-0.22334,0.301854,-0.926824,-0.109,0.294,72.8,14.0,455.2,0.142,0.117,-0.07,0.3,0.3,0.04,0.07,0.04,1.52,0.0,1.55,0.07,0.0,0.37,0.14,0.03,0.0,0.6,0.69,0.81,0.0,1.0,0.0,0.0,0.0,0.0,0.0,1.0,0.0,0.0,0.0,0.0,0.0,0.0,0.0,0.0,0.0,0.0
507,508,16.9,0.93,1,0.001097,0.341352,-0.939935,-0.21374,0.359926,-0.908168,-0.115,0.363,73.7,15.0,462.5,0.136,0.119,-0.069,0.58,0.56,0.13,0.26,0.04,1.4,0.0,1.75,0.16,0.0,0.48,0.14,0.02,0.0,0.73,0.92,1.33,0.0,1.0,0.0,0.0,0.0,0.0,0.0,1.0,0.0,0.0,1.0,0.0,0.0,0.0,0.0,0.0,0.0,1.0
508,509,16.933,0.93,1,0.039835,0.342632,-0.938625,-0.207953,0.359007,-0.909873,-0.091,0.363,73.3,15.0,461.4,0.134,0.12,-0.069,0.67,0.56,0.13,0.26,0.03,1.27,0.06,1.77,0.24,0.0,0.51,0.1,0.02,0.0,0.88,1.01,1.51,1.0,1.0,0.0,0.0,0.0,0.0,0.0,1.0,0.0,0.0,1.0,0.0,0.0,0.0,0.0,0.0,0.0,1.0
509,510,16.967,0.98,1,0.018274,0.333842,-0.942452,-0.248913,0.358952,-0.899553,-0.125,0.36,71.2,15.0,450.6,0.119,0.119,-0.069,0.5,0.36,0.3,0.26,0.1,1.55,0.06,1.72,0.33,0.0,0.3,0.06,0.02,0.0,0.77,1.03,1.15,1.0,1.0,0.0,0.0,0.0,0.0,0.0,1.0,0.0,0.0,1.0,0.0,0.0,0.0,0.0,0.0,0.0,1.0
510,511,17.0,0.98,1,-0.021212,0.305273,-0.952029,-0.24165,0.336431,-0.910176,-0.14,0.332,70.8,15.4,449.9,0.125,0.119,-0.069,0.26,0.19,0.33,0.17,0.18,1.97,0.06,1.66,0.39,0.0,0.17,0.13,0.05,0.0,0.77,1.02,0.78,1.0,1.0,0.0,0.0,0.0,0.0,0.0,1.0,0.0,0.0,1.0,0.0,0.0,0.0,0.0,0.0,0.0,1.0
511,512,17.033,0.98,1,0.015631,0.270263,-0.96266,-0.185243,0.29634,-0.936946,-0.089,0.29,70.8,16.1,451.7,0.134,0.118,-0.077,0.17,0.19,0.41,0.17,0.33,2.19,0.0,1.74,0.49,0.0,0.11,0.21,0.05,0.0,0.63,0.91,0.38,0.0,1.0,0.0,0.0,0.0,0.0,0.0,1.0,0.0,0.0,1.0,0.0,0.0,0.0,0.0,1.0,0.0,1.0
512,513,17.067,0.98,1,-0.063594,0.238514,-0.969055,-0.202043,0.262615,-0.94351,-0.138,0.256,70.1,16.7,449.8,0.133,0.123,-0.081,0.04,0.1,0.29,0.21,0.33,2.12,0.0,1.8,0.49,0.0,0.14,0.15,0.05,0.0,0.44,0.87,0.15,0.0,1.0,0.0,0.0,0.0,0.0,0.0,1.0,0.0,0.0,1.0,0.0,0.0,0.0,0.0,1.0,0.0,1.0
513,514,17.1,0.98,1,-0.062258,0.238803,-0.96907,-0.197181,0.215805,-0.95632,-0.134,0.232,69.7,17.3,450.1,0.147,0.133,-0.084,0.0,0.03,0.26,0.09,0.35,1.89,0.0,1.95,0.51,0.0,0.08,0.09,0.01,0.0,0.37,0.93,0.0,0.0,1.0,0.0,0.0,0.0,0.0,0.0,1.0,0.0,0.0,1.0,0.0,0.0,0.0,0.0,1.0,0.0,0.0
514,515,17.133,0.98,1,-0.066191,0.233517,-0.970097,-0.197555,0.232857,-0.952234,-0.136,0.238,69.5,17.8,450.2,0.147,0.137,-0.084,0.0,0.03,0.2,0.18,0.37,1.67,0.0,1.94,0.54,0.0,0.02,0.03,0.01,0.0,0.38,0.95,0.0,0.0,1.0,0.0,0.0,0.0,0.0,0.0,1.0,0.0,0.0,1.0,0.0,0.0,0.0,1.0,1.0,0.0,0.0
515,516,17.167,0.98,1,-0.057235,0.232089,-0.971009,-0.197268,0.20319,-0.959062,-0.131,0.222,69.4,18.2,450.0,0.149,0.14,-0.086,0.0,0.03,0.22,0.12,0.47,1.42,0.0,1.95,0.62,0.0,0.0,0.03,0.01,0.0,0.55,0.86,0.0,0.0,1.0,0.0,0.0,0.0,0.0,0.0,1.0,0.0,0.0,1.0,0.0,0.0,0.0,1.0,1.0,0.0,0.0
516,517,17.2,0.98,1,-0.046821,0.226186,-0.972958,-0.202296,0.188755,-0.960962,-0.128,0.211,69.5,18.4,450.2,0.152,0.139,-0.086,0.0,0.03,0.21,0.17,0.55,1.52,0.0,1.93,0.67,0.0,0.0,0.05,0.07,0.04,0.52,0.65,0.0,0.0,1.0,0.0,0.0,0.0,0.0,0.0,1.0,0.0,0.0,0.0,0.0,0.0,0.0,1.0,1.0,0.0,0.0
517,518,17.233,0.98,1,-0.055592,0.223505,-0.973116,-0.197768,0.176951,-0.964145,-0.13,0.204,69.4,18.7,450.5,0.157,0.141,-0.084,0.0,0.03,0.19,0.08,0.55,1.48,0.0,1.96,0.71,0.03,0.0,0.06,0.14,0.13,0.37,0.45,0.0,0.0,1.0,0.0,0.0,0.0,0.0,0.0,1.0,0.0,0.0,0.0,0.0,0.0,0.0,1.0,1.0,0.0,0.0
518,519,17.267,0.98,1,-0.057776,0.21994,-0.973801,-0.207613,0.214853,-0.954324,-0.137,0.222,69.6,18.8,451.4,0.148,0.139,-0.081,0.0,0.03,0.09,0.16,0.6,1.5,0.0,1.84,0.71,0.11,0.0,0.05,0.35,0.29,0.15,0.29,0.0,0.0,0.0,0.0,0.0,0.0,0.0,0.0,1.0,1.0,0.0,0.0,0.0,0.0,0.0,0.0,0.0,0.0,0.0
519,520,17.3,0.98,1,-0.047923,0.238007,-0.97008,-0.191714,0.202775,-0.960275,-0.124,0.224,69.8,19.3,452.4,0.163,0.143,-0.084,0.0,0.0,0.0,0.14,0.61,1.15,0.0,1.7,0.8,0.29,0.0,0.03,0.44,0.37,0.0,0.2,0.0,0.0,0.0,0.0,0.0,0.0,0.0,0.0,1.0,1.0,0.0,0.0,0.0,0.0,0.0,0.0,0.0,0.0,0.0
520,521,17.333,0.98,1,-0.03307,0.23737,-0.970856,-0.197129,0.207451,-0.958178,-0.119,0.227,69.9,20.0,454.5,0.179,0.149,-0.084,0.0,0.0,0.0,0.22,0.64,1.05,0.0,1.7,0.84,0.39,0.0,0.0,0.4,0.47,0.0,0.13,0.0,0.0,0.0,0.0,0.0,0.0,0.0,0.0,1.0,1.0,0.0,0.0,0.0,0.0,0.0,0.0,0.0,0.0,0.0
521,522,17.367,0.98,1,-0.053156,0.21909,-0.974256,-0.216364,0.23904,-0.946597,-0.139,0.234,70.0,20.3,452.7,0.171,0.144,-0.082,0.0,0.0,0.0,0.24,0.62,1.12,0.0,1.72,0.87,0.51,0.0,0.0,0.4,0.48,0.0,0.08,0.0,0.0,0.0,0.0,0.0,0.0,0.0,0.0,1.0,1.0,0.0,0.0,0.0,0.0,0.0,0.0,0.0,0.0,0.0
522,523,17.4,0.98,1,-0.057777,0.233551,-0.970626,-0.208981,0.224013,-0.951917,-0.138,0.234,70.2,20.5,453.7,0.179,0.146,-0.082,0.0,0.0,0.0,0.36,0.6,1.27,0.0,1.66,0.83,0.45,0.0,0.0,0.44,0.48,0.0,0.01,0.0,0.0,0.0,0.0,0.0,0.0,0.0,0.0,1.0,1.0,0.0,0.0,0.0,0.0,0.0,0.0,0.0,0.0,0.0
523,524,17.433,0.98,1,-0.047972,0.235994,-0.97057,-0.220804,0.231979,-0.947328,-0.139,0.239,70.5,20.7,455.3,0.193,0.142,-0.08,0.0,0.0,0.0,0.38,0.39,1.23,0.04,1.59,0.6,0.32,0.0,0.0,0.41,0.29,0.0,0.01,0.0,0.0,0.0,0.0,0.0,0.0,0.0,0.0,1.0,1.0,0.0,0.0,0.0,0.0,0.0,0.0,0.0,0.0,0.0
524,525,17.467,0.98,1,-0.048803,0.249102,-0.967247,-0.205431,0.259202,-0.943723,-0.132,0.26,70.2,20.7,455.8,0.198,0.152,-0.078,0.0,0.0,0.07,0.31,0.2,1.0,0.04,1.71,0.4,0.12,0.0,0.0,0.2,0.12,0.0,0.0,0.0,0.0,0.0,0.0,0.0,0.0,0.0,0.0,1.0,0.0,0.0,0.0,0.0,0.0,0.0,0.0,0.0,0.0,0.0
525,526,17.5,0.98,1,-0.049409,0.257846,-0.964922,-0.200881,0.263176,-0.943602,-0.13,0.267,70.2,21.0,456.3,0.207,0.152,-0.078,0.0,0.0,0.12,0.29,0.08,0.84,0.04,1.75,0.19,0.0,0.0,0.0,0.0,0.0,0.0,0.0,0.0,0.0,0.0,0.0,0.0,0.0,0.0,0.0,1.0,0.0,0.0,0.0,0.0,0.0,0.0,0.0,0.0,0.0,0.0
526,527,17.533,0.98,1,-0.054097,0.258078,-0.964608,-0.201805,0.262276,-0.943656,-0.133,0.266,70.2,21.2,455.9,0.211,0.146,-0.078,0.0,0.0,0.12,0.21,0.1,0.7,0.0,1.76,0.24,0.0,0.0,0.0,0.0,0.0,0.0,0.0,0.0,0.0,0.0,0.0,0.0,0.0,0.0,0.0,1.0,0.0,0.0,0.0,0.0,0.0,0.0,0.0,0.0,0.0,0.0
527,528,17.567,0.98,1,-0.05435,0.248215,-0.967179,-0.204804,0.256954,-0.944474,-0.135,0.258,70.5,20.8,456.9,0.196,0.148,-0.079,0.0,0.0,0.06,0.29,0.16,0.64,0.0,1.7,0.33,0.0,0.0,0.0,0.0,0.05,0.0,0.0,0.0,0.0,0.0,0.0,0.0,0.0,0.0,0.0,1.0,0.0,0.0,0.0,0.0,0.0,0.0,0.0,0.0,0.0,0.0
528,529,17.6,0.98,1,-0.058466,0.249883,-0.966509,-0.208662,0.250359,-0.9454,-0.139,0.256,70.7,20.7,458.6,0.191,0.155,-0.077,0.0,0.0,0.04,0.37,0.2,0.7,0.0,1.7,0.44,0.0,0.0,0.0,0.0,0.06,0.0,0.0,0.0,0.0,0.0,0.0,0.0,0.0,0.0,0.0,1.0,0.0,0.0,0.0,0.0,0.0,0.0,0.0,0.0,0.0,0.0
529,530,17.633,0.98,1,-0.058146,0.25473,-0.965263,-0.201133,0.236692,-0.950538,-0.135,0.251,70.9,20.4,459.1,0.187,0.158,-0.079,0.0,0.0,0.04,0.36,0.26,0.89,0.0,1.62,0.43,0.0,0.0,0.0,0.0,0.06,0.0,0.0,0.0,0.0,0.0,0.0,0.0,0.0,0.0,0.0,1.0,0.0,0.0,0.0,0.0,0.0,0.0,0.0,0.0,0.0,0.0
530,531,17.667,0.98,1,-0.076151,0.247931,-0.96578,-0.203386,0.24454,-0.948069,-0.145,0.252,71.1,20.1,458.1,0.181,0.161,-0.079,0.02,0.0,0.04,0.29,0.25,0.88,0.0,1.51,0.39,0.0,0.0,0.0,0.03,0.02,0.0,0.0,0.0,0.0,0.0,0.0,0.0,0.0,0.0,0.0,1.0,0.0,0.0,0.0,0.0,0.0,0.0,0.0,0.0,0.0,0.0
531,532,17.7,0.98,1,-0.079596,0.249327,-0.965143,-0.202869,0.236574,-0.950198,-0.146,0.248,71.2,19.6,457.3,0.175,0.16,-0.075,0.02,0.0,0.0,0.1,0.23,1.06,0.0,1.3,0.37,0.0,0.0,0.0,0.17,0.02,0.0,0.0,0.0,0.0,0.0,0.0,0.0,0.0,0.0,0.0,1.0,0.0,0.0,0.0,0.0,0.0,0.0,0.0,0.0,0.0,0.0
532,533,17.733,0.98,1,-0.060978,0.24869,-0.966662,-0.196441,0.24239,-0.950083,-0.134,0.251,71.5,19.4,457.7,0.175,0.162,-0.072,0.02,0.0,0.0,0.08,0.26,0.99,0.0,1.28,0.39,0.0,0.0,0.0,0.24,0.07,0.0,0.0,0.0,0.0,0.0,0.0,0.0,0.0,0.0,0.0,1.0,0.0,0.0,0.0,0.0,0.0,0.0,0.0,0.0,0.0,0.0
533,534,17.767,0.98,1,-0.069178,0.244329,-0.967222,-0.178999,0.239322,-0.954298,-0.128,0.247,71.6,19.2,457.0,0.172,0.157,-0.067,0.0,0.0,0.07,0.03,0.27,1.16,0.0,1.25,0.36,0.0,0.0,0.1,0.21,0.13,0.0,0.0,0.0,0.0,0.0,0.0,0.0,0.0,0.0,0.0,1.0,0.0,0.0,0.0,0.0,0.0,0.0,0.0,0.0,0.0,0.0
534,535,17.8,0.98,1,-0.079578,0.238267,-0.967934,-0.202385,0.240251,-0.949378,-0.146,0.245,71.4,19.2,456.3,0.164,0.156,-0.063,0.0,0.0,0.1,0.05,0.27,1.15,0.0,1.45,0.32,0.0,0.0,0.12,0.12,0.16,0.0,0.0,0.0,0.0,0.0,0.0,0.0,0.0,0.0,0.0,1.0,0.0,0.0,0.0,0.0,0.0,0.0,0.0,0.0,0.0,0.0
535,536,17.833,0.98,1,-0.062339,0.234934,-0.97001,-0.201874,0.242226,-0.948985,-0.137,0.244,71.5,19.4,456.6,0.171,0.152,-0.063,0.0,0.0,0.1,0.07,0.24,1.18,0.0,1.58,0.22,0.0,0.0,0.14,0.05,0.17,0.0,0.06,0.0,0.0,0.0,0.0,0.0,0.0,0.0,0.0,1.0,0.0,0.0,0.0,0.0,0.0,0.0,0.0,0.0,0.0,0.0
536,537,17.867,0.98,1,-0.050658,0.234272,-0.97085,-0.209299,0.239913,-0.947964,-0.135,0.242,71.2,19.5,455.1,0.173,0.158,-0.067,0.0,0.0,0.03,0.13,0.27,1.11,0.0,1.69,0.19,0.0,0.0,0.08,0.1,0.14,0.0,0.09,0.0,0.0,0.0,0.0,0.0,0.0,0.0,0.0,1.0,0.0,0.0,0.0,0.0,0.0,0.0,0.0,0.0,0.0,0.0
537,538,17.9,0.98,1,-0.068112,0.24029,-0.968308,-0.220713,0.238816,-0.945649,-0.15,0.245,71.0,19.4,453.7,0.174,0.157,-0.07,0.0,0.0,0.05,0.17,0.25,0.95,0.0,1.67,0.13,0.0,0.0,0.06,0.09,0.1,0.0,0.09,0.0,0.0,0.0,0.0,0.0,0.0,0.0,0.0,1.0,0.0,0.0,0.0,0.0,0.0,0.0,0.0,0.0,0.0,0.0
538,539,17.933,0.98,1,-0.086666,0.232034,-0.968839,-0.223985,0.233653,-0.94617,-0.161,0.239,70.9,19.2,455.3,0.171,0.169,-0.07,0.0,0.0,0.05,0.19,0.19,0.84,0.01,1.58,0.16,0.0,0.0,0.06,0.09,0.05,0.03,0.05,0.0,0.0,0.0,0.0,0.0,0.0,0.0,0.0,1.0,0.0,0.0,0.0,0.0,0.0,0.0,0.0,0.0,0.0,0.0
539,540,17.967,0.98,1,-0.062852,0.240272,-0.968669,-0.221127,0.240058,-0.945238,-0.147,0.246,70.3,19.1,454.0,0.171,0.18,-0.078,0.0,0.0,0.05,0.21,0.13,0.89,0.01,1.59,0.16,0.0,0.0,0.16,0.04,0.12,0.03,0.02,0.0,0.0,0.0,0.0,0.0,0.0,0.0,0.0,1.0,0.0,0.0,0.0,0.0,0.0,0.0,0.0,0.0,0.0,0.0
540,541,18.0,0.98,1,-0.078012,0.246141,-0.966089,-0.225469,0.228206,-0.947146,-0.157,0.243,70.3,18.9,453.8,0.167,0.167,-0.081,0.0,0.0,0.0,0.13,0.14,0.87,0.01,1.5,0.19,0.0,0.0,0.21,0.0,0.2,0.03,0.02,0.0,0.0,0.0,0.0,0.0,0.0,0.0,0.0,1.0,0.0,0.0,0.0,0.0,0.0,0.0,0.0,0.0,0.0,0.0
541,542,18.033,0.98,1,-0.077953,0.248982,-0.965366,-0.220808,0.257056,-0.940833,-0.155,0.259,70.4,18.6,455.8,0.171,0.171,-0.083,0.0,0.0,0.0,0.15,0.23,0.83,0.02,1.52,0.21,0.0,0.0,0.22,0.0,0.25,0.0,0.0,0.0,0.0,0.0,0.0,0.0,0.0,0.0,0.0,1.0,0.0,0.0,0.0,0.0,0.0,0.0,0.0,0.0,0.0,0.0
542,543,18.067,0.98,1,-0.080856,0.249635,-0.964958,-0.221753,0.241051,-0.944839,-0.157,0.251,70.1,18.5,454.5,0.165,0.167,-0.083,0.0,0.0,0.0,0.15,0.33,0.68,0.04,1.41,0.27,0.0,0.0,0.17,0.0,0.17,0.0,0.0,0.0,0.0,0.0,0.0,0.0,0.0,0.0,0.0,1.0,0.0,0.0,0.0,0.0,0.0,0.0,0.0,0.0,0.0,0.0
543,544,18.1,0.98,1,-0.073753,0.259513,-0.962919,-0.21452,0.241973,-0.946272,-0.15,0.257,69.5,18.5,452.4,0.171,0.168,-0.084,0.0,0.0,0.07,0.22,0.4,0.58,0.09,1.46,0.3,0.0,0.0,0.1,0.0,0.08,0.0,0.1,0.0,0.0,0.0,0.0,0.0,0.0,0.0,0.0,1.0,0.0,0.0,0.0,0.0,0.0,0.0,0.0,0.0,0.0,0.0
544,545,18.133,0.98,1,-0.066691,0.262713,-0.962567,-0.215807,0.248282,-0.944343,-0.147,0.262,68.5,18.8,452.8,0.185,0.187,-0.082,0.0,0.0,0.09,0.21,0.42,0.8,0.06,1.43,0.31,0.0,0.0,0.08,0.0,0.03,0.01,0.22,0.0,0.0,0.0,0.0,0.0,0.0,0.0,0.0,1.0,0.0,0.0,0.0,0.0,0.0,0.0,0.0,0.0,0.0,0.0
545,546,18.167,0.98,1,-0.068708,0.258926,-0.96345,-0.237074,0.254538,-0.937554,-0.159,0.264,68.3,18.9,452.5,0.178,0.185,-0.08,0.0,0.0,0.16,0.17,0.45,0.98,0.05,1.3,0.33,0.02,0.0,0.0,0.0,0.03,0.01,0.36,0.0,0.0,0.0,0.0,0.0,0.0,0.0,0.0,1.0,0.0,0.0,0.0,0.0,0.0,0.0,0.0,0.0,0.0,0.0
546,547,18.2,0.98,1,-0.066646,0.254501,-0.964773,-0.223389,0.24551,-0.943304,-0.151,0.256,67.9,19.0,451.3,0.174,0.176,-0.079,0.0,0.0,0.26,0.24,0.51,1.23,0.0,1.15,0.37,0.05,0.0,0.0,0.0,0.08,0.04,0.46,0.0,0.0,0.0,0.0,0.0,0.0,0.0,0.0,1.0,0.0,0.0,0.0,0.0,0.0,0.0,0.0,0.0,0.0,0.0
547,548,18.233,0.98,1,-0.087114,0.243838,-0.965896,-0.218449,0.243366,-0.945015,-0.159,0.25,67.6,19.1,451.2,0.174,0.177,-0.076,0.0,0.0,0.34,0.24,0.58,1.15,0.02,1.15,0.41,0.06,0.0,0.0,0.0,0.19,0.1,0.59,0.0,0.0,0.0,0.0,0.0,0.0,0.0,0.0,1.0,0.0,0.0,0.0,0.0,0.0,0.0,0.0,0.0,0.0,0.0
548,549,18.267,0.98,1,-0.080504,0.239105,-0.967651,-0.217421,0.237191,-0.94682,-0.154,0.244,67.7,19.2,451.4,0.163,0.169,-0.073,0.0,0.0,0.38,0.29,0.57,1.03,0.02,1.25,0.45,0.11,0.0,0.0,0.0,0.29,0.16,0.72,0.0,0.0,0.0,0.0,0.0,0.0,0.0,0.0,1.0,0.0,0.0,0.0,0.0,0.0,0.0,0.0,0.0,0.0,0.0
549,550,18.3,0.98,1,-0.079919,0.24804,-0.965448,-0.201291,0.236294,-0.950604,-0.146,0.248,67.6,19.0,450.8,0.166,0.168,-0.074,0.0,0.0,0.31,0.29,0.54,1.03,0.02,1.3,0.49,0.1,0.0,0.0,0.0,0.34,0.13,0.77,0.0,0.0,0.0,0.0,0.0,0.0,0.0,0.0,1.0,0.0,0.0,0.0,0.0,0.0,0.0,0.0,0.0,0.0,0.0
550,551,18.333,0.98,1,-0.088749,0.238133,-0.967169,-0.201885,0.235623,-0.950644,-0.15,0.242,67.7,18.8,451.7,0.167,0.168,-0.075,0.0,0.0,0.35,0.29,0.46,1.05,0.0,1.3,0.51,0.12,0.0,0.0,0.0,0.35,0.07,0.57,0.0,0.0,0.0,0.0,0.0,0.0,0.0,0.0,1.0,0.0,0.0,0.0,0.0,0.0,0.0,0.0,0.0,0.0,0.0
551,552,18.367,0.98,1,-0.110875,0.251404,-0.961511,-0.212663,0.235479,-0.948327,-0.168,0.25,67.5,18.3,452.0,0.159,0.181,-0.073,0.0,0.0,0.31,0.22,0.41,1.17,0.0,1.35,0.51,0.2,0.0,0.1,0.0,0.46,0.0,0.3,0.0,0.0,0.0,0.0,0.0,0.0,0.0,0.0,1.0,0.0,0.0,0.0,0.0,0.0,0.0,0.0,0.0,0.0,0.0
552,553,18.4,0.98,1,-0.114054,0.250044,-0.961493,-0.208484,0.238626,-0.948468,-0.167,0.25,67.6,17.7,453.3,0.155,0.182,-0.07,0.0,0.0,0.33,0.13,0.33,1.18,0.0,1.43,0.49,0.35,0.0,0.16,0.0,0.6,0.0,0.1,0.0,0.0,0.0,0.0,0.0,0.0,0.0,0.0,1.0,0.0,0.0,0.0,0.0,0.0,0.0,0.0,0.0,0.0,0.0
553,554,18.433,0.98,1,-0.121067,0.247034,-0.961414,-0.215012,0.259989,-0.941369,-0.175,0.26,67.7,17.5,453.4,0.167,0.177,-0.075,0.0,0.0,0.21,0.09,0.37,1.22,0.0,1.35,0.58,0.32,0.0,0.16,0.0,0.57,0.0,0.11,0.0,0.0,0.0,0.0,0.0,0.0,0.0,0.0,1.0,0.0,0.0,0.0,0.0,0.0,0.0,0.0,0.0,0.0,0.0
554,555,18.467,0.98,1,-0.117816,0.256642,-0.959299,-0.219089,0.244275,-0.944632,-0.175,0.257,67.4,17.4,453.0,0.166,0.18,-0.072,0.0,0.0,0.13,0.05,0.41,1.21,0.0,1.41,0.57,0.17,0.0,0.06,0.0,0.4,0.01,0.31,0.0,0.0,0.0,0.0,0.0,0.0,0.0,0.0,1.0,0.0,0.0,0.0,0.0,0.0,0.0,0.0,0.0,0.0,0.0
555,556,18.5,0.98,1,-0.122493,0.264654,-0.956532,-0.224898,0.255992,-0.940154,-0.181,0.268,67.0,17.5,451.5,0.175,0.183,-0.076,0.0,0.0,0.06,0.06,0.47,1.09,0.0,1.35,0.55,0.09,0.0,0.0,0.0,0.22,0.01,0.4,0.0,0.0,0.0,0.0,0.0,0.0,0.0,0.0,1.0,0.0,0.0,0.0,0.0,0.0,0.0,0.0,0.0,0.0,0.0
556,557,18.533,0.98,1,-0.125538,0.245316,-0.961281,-0.224603,0.249239,-0.942037,-0.182,0.254,66.7,17.3,451.4,0.174,0.185,-0.072,0.0,0.0,0.11,0.17,0.47,1.15,0.0,1.31,0.39,0.09,0.0,0.0,0.0,0.15,0.04,0.52,0.0,0.0,0.0,0.0,0.0,0.0,0.0,0.0,1.0,0.0,0.0,0.0,0.0,0.0,0.0,0.0,0.0,0.0,0.0
557,558,18.567,0.98,1,-0.112098,0.237933,-0.964791,-0.230411,0.245676,-0.94157,-0.178,0.248,66.8,17.0,453.7,0.169,0.192,-0.073,0.0,0.0,0.11,0.2,0.42,1.08,0.0,1.22,0.32,0.09,0.0,0.06,0.0,0.08,0.03,0.45,0.0,0.0,0.0,0.0,0.0,0.0,0.0,0.0,1.0,0.0,0.0,0.0,0.0,0.0,0.0,0.0,0.0,0.0,0.0
558,559,18.6,0.98,1,-0.126545,0.234297,-0.963894,-0.227881,0.239488,-0.943777,-0.184,0.243,66.3,16.6,452.5,0.167,0.199,-0.074,0.0,0.0,0.05,0.19,0.34,1.11,0.0,1.19,0.28,0.0,0.0,0.07,0.0,0.02,0.03,0.39,0.0,0.0,0.0,0.0,0.0,0.0,0.0,0.0,1.0,0.0,0.0,0.0,0.0,0.0,0.0,0.0,0.0,0.0,0.0
559,560,18.633,0.98,1,-0.114968,0.236979,-0.964688,-0.237417,0.234961,-0.942564,-0.183,0.243,66.7,16.0,454.7,0.166,0.196,-0.076,0.0,0.0,0.0,0.08,0.33,1.1,0.03,1.25,0.33,0.0,0.0,0.07,0.0,0.0,0.0,0.28,0.0,0.0,0.0,0.0,0.0,0.0,0.0,0.0,1.0,0.0,0.0,0.0,0.0,0.0,0.0,0.0,0.0,0.0,0.0
560,561,18.667,0.98,1,-0.123295,0.230636,-0.965197,-0.231554,0.226005,-0.946205,-0.184,0.235,66.9,15.6,454.6,0.166,0.193,-0.077,0.0,0.0,0.0,0.04,0.38,1.3,0.07,1.26,0.36,0.01,0.0,0.01,0.0,0.06,0.01,0.23,0.0,0.0,0.0,0.0,0.0,0.0,0.0,0.0,1.0,0.0,0.0,0.0,0.0,0.0,0.0,0.0,0.0,0.0,0.0
561,562,18.7,0.98,1,-0.12774,0.221947,-0.966655,-0.226816,0.217623,-0.949313,-0.183,0.226,66.6,15.4,454.3,0.162,0.198,-0.075,0.0,0.0,0.0,0.07,0.42,1.48,0.11,1.37,0.4,0.01,0.0,0.0,0.0,0.06,0.01,0.16,0.0,0.0,0.0,0.0,0.0,0.0,0.0,0.0,1.0,0.0,0.0,0.0,0.0,0.0,0.0,0.0,0.0,0.0,0.0
562,563,18.733,0.98,1,-0.128431,0.234919,-0.963493,-0.232869,0.244678,-0.941225,-0.187,0.247,66.8,15.1,454.8,0.164,0.198,-0.076,0.0,0.0,0.0,0.07,0.43,1.58,0.08,1.39,0.39,0.11,0.0,0.08,0.0,0.3,0.01,0.26,0.0,0.0,0.0,0.0,0.0,0.0,0.0,0.0,1.0,0.0,0.0,0.0,0.0,0.0,0.0,0.0,0.0,0.0,0.0
563,564,18.767,0.98,1,-0.123419,0.229411,-0.965473,-0.233732,0.240305,-0.942137,-0.185,0.241,66.6,14.7,453.8,0.148,0.19,-0.071,0.0,0.0,0.0,0.07,0.44,1.62,0.08,1.49,0.51,0.16,0.0,0.28,0.0,0.59,0.0,0.28,0.0,0.0,0.0,0.0,0.0,0.0,0.0,0.0,1.0,0.0,0.0,0.0,0.0,0.0,0.0,0.0,0.0,0.0,0.0
564,565,18.8,0.98,1,-0.122226,0.21832,-0.968193,-0.233614,0.228882,-0.945007,-0.184,0.23,66.8,14.2,454.8,0.139,0.188,-0.068,0.0,0.0,0.0,0.06,0.48,1.66,0.04,1.57,0.58,0.34,0.0,0.53,0.0,0.95,0.0,0.38,0.0,0.0,0.0,0.0,0.0,0.0,0.0,0.0,1.0,0.0,0.0,0.0,0.0,0.0,1.0,0.0,0.0,0.0,0.0
565,566,18.833,0.98,1,-0.122471,0.22848,-0.965815,-0.243488,0.229216,-0.94243,-0.189,0.235,66.8,14.2,455.2,0.149,0.193,-0.071,0.0,0.0,0.0,0.06,0.48,1.76,0.04,1.54,0.63,0.39,0.0,0.69,0.0,0.98,0.0,0.32,0.0,0.0,0.0,0.0,0.0,0.0,0.0,0.0,1.0,0.0,0.0,0.0,1.0,0.0,1.0,0.0,0.0,0.0,0.0
566,567,18.867,0.98,1,-0.121303,0.226615,-0.966401,-0.244224,0.234949,-0.940826,-0.189,0.237,66.7,14.1,455.2,0.155,0.198,-0.074,0.0,0.0,0.0,0.13,0.49,1.75,0.0,1.4,0.6,0.5,0.0,0.67,0.0,0.92,0.0,0.29,0.0,0.0,0.0,0.0,0.0,0.0,0.0,0.0,1.0,0.0,0.0,0.0,1.0,0.0,1.0,0.0,0.0,0.0,0.0
567,568,18.9,0.98,1,-0.126274,0.22414,-0.966342,-0.240586,0.238343,-0.94091,-0.19,0.238,66.8,13.9,455.2,0.153,0.195,-0.074,0.03,0.0,0.02,0.07,0.51,1.66,0.0,1.41,0.55,0.53,0.0,0.65,0.0,0.8,0.0,0.3,0.0,0.0,0.0,0.0,0.0,0.0,0.0,0.0,1.0,0.0,0.0,0.0,1.0,0.0,1.0,0.0,0.0,0.0,0.0
568,569,18.933,0.98,1,-0.122405,0.228296,-0.965866,-0.236763,0.241344,-0.941114,-0.186,0.241,66.7,13.6,454.8,0.156,0.194,-0.075,0.03,0.0,0.08,0.07,0.49,1.58,0.0,1.42,0.49,0.42,0.02,0.61,0.0,0.59,0.0,0.36,0.0,0.0,0.0,0.0,0.0,0.0,0.0,0.0,1.0,0.0,0.0,0.0,1.0,0.0,1.0,0.0,0.0,0.0,0.0
569,570,18.967,0.98,1,-0.11692,0.218177,-0.96888,-0.274945,0.242617,-0.930345,-0.203,0.238,66.4,13.7,454.9,0.157,0.192,-0.073,0.03,0.0,0.08,0.0,0.43,1.46,0.0,1.38,0.37,0.23,0.03,0.59,0.0,0.35,0.0,0.41,0.0,0.0,0.0,0.0,0.0,0.0,0.0,0.0,1.0,0.0,0.0,0.0,0.0,0.0,0.0,0.0,0.0,0.0,0.0
570,571,19.0,0.98,1,-0.115383,0.214753,-0.969829,-0.27097,0.226926,-0.935457,-0.2,0.228,65.9,13.7,454.0,0.156,0.194,-0.071,0.02,0.0,0.06,0.0,0.4,1.5,0.0,1.28,0.34,0.11,0.11,0.44,0.0,0.12,0.0,0.48,0.0,0.0,0.0,0.0,0.0,0.0,0.0,0.0,1.0,0.0,0.0,0.0,0.0,0.0,0.0,0.0,0.0,0.0,0.0
571,572,19.033,0.98,1,-0.119704,0.217098,-0.968782,-0.272214,0.231721,-0.933919,-0.203,0.232,65.7,13.7,453.1,0.16,0.198,-0.074,0.02,0.0,0.0,0.0,0.48,1.44,0.03,1.39,0.36,0.17,0.2,0.39,0.0,0.04,0.08,0.63,0.0,0.0,0.0,0.0,0.0,0.0,0.0,0.0,1.0,0.0,0.0,0.0,0.0,0.0,0.0,0.0,0.0,0.0,0.0
572,573,19.067,0.98,1,-0.110747,0.218405,-0.969554,-0.238476,0.230872,-0.943307,-0.181,0.231,65.9,13.8,454.4,0.16,0.195,-0.072,0.02,0.0,0.0,0.0,0.57,1.51,0.05,1.48,0.51,0.29,0.18,0.42,0.0,0.09,0.08,0.67,0.0,0.0,0.0,0.0,0.0,0.0,0.0,0.0,1.0,0.0,0.0,0.0,0.0,0.0,0.0,0.0,0.0,0.0,0.0
573,574,19.1,0.98,1,-0.08538,0.211045,-0.97374,-0.204295,0.225361,-0.952615,-0.149,0.223,66.2,13.5,455.2,0.152,0.193,-0.071,0.05,0.0,0.0,0.0,0.65,1.55,0.05,1.59,0.67,0.42,0.11,0.5,0.07,0.22,0.08,0.53,0.0,0.0,0.0,0.0,0.0,0.0,0.0,0.0,1.0,0.0,0.0,0.0,0.0,0.0,0.0,0.0,0.0,0.0,0.0
574,575,19.133,0.98,1,-0.064628,0.216727,-0.974091,-0.209511,0.227834,-0.950893,-0.141,0.227,66.2,13.3,456.0,0.148,0.194,-0.067,0.05,0.0,0.0,0.0,0.69,1.63,0.02,1.5,0.74,0.46,0.0,0.46,0.07,0.32,0.0,0.38,0.0,0.0,0.0,0.0,0.0,0.0,0.0,0.0,1.0,0.0,1.0,0.0,0.0,0.0,0.0,0.0,0.0,0.0,0.0
575,576,19.167,0.98,1,-0.057131,0.215418,-0.974849,-0.204666,0.229633,-0.951515,-0.135,0.227,66.3,13.5,454.9,0.154,0.187,-0.071,0.05,0.0,0.0,0.0,0.7,1.62,0.04,1.47,0.72,0.41,0.0,0.38,0.07,0.31,0.0,0.39,0.0,0.0,0.0,0.0,0.0,0.0,0.0,0.0,1.0,1.0,1.0,0.0,0.0,0.0,0.0,0.0,0.0,0.0,0.0
576,577,19.2,0.98,1,-0.065681,0.217308,-0.973891,-0.212865,0.227709,-0.950177,-0.144,0.227,66.3,13.7,453.5,0.161,0.187,-0.074,0.0,0.0,0.0,0.01,0.7,1.59,0.04,1.51,0.74,0.44,0.0,0.32,0.03,0.28,0.0,0.52,0.0,0.0,0.0,0.0,0.0,0.0,0.0,0.0,1.0,1.0,1.0,0.0,0.0,0.0,0.0,0.0,0.0,0.0,0.0
577,578,19.233,0.98,1,-0.063746,0.216122,-0.974283,-0.209347,0.245021,-0.946646,-0.141,0.236,66.4,13.9,453.9,0.163,0.178,-0.071,0.0,0.0,0.0,0.01,0.66,1.36,0.04,1.56,0.78,0.43,0.0,0.26,0.03,0.22,0.0,0.53,0.0,0.0,0.0,0.0,0.0,0.0,0.0,0.0,1.0,0.0,0.0,0.0,0.0,0.0,0.0,0.0,0.0,0.0,0.0
578,579,19.267,0.98,1,-0.047937,0.241721,-0.969161,-0.211759,0.241753,-0.94695,-0.135,0.247,66.4,13.9,454.0,0.163,0.177,-0.07,0.0,0.0,0.0,0.01,0.66,1.38,0.05,1.64,0.79,0.45,0.0,0.21,0.03,0.19,0.0,0.47,0.0,0.0,0.0,0.0,0.0,0.0,0.0,0.0,1.0,0.0,0.0,0.0,0.0,0.0,0.0,0.0,0.0,0.0,0.0
579,580,19.3,0.98,1,-0.041024,0.242505,-0.969282,-0.211464,0.24298,-0.946701,-0.131,0.248,66.4,14.0,453.8,0.164,0.18,-0.071,0.0,0.0,0.03,0.0,0.66,1.42,0.05,1.58,0.74,0.33,0.0,0.17,0.0,0.18,0.0,0.42,0.0,0.0,0.0,0.0,0.0,0.0,0.0,0.0,1.0,0.0,0.0,0.0,0.0,0.0,0.0,0.0,0.0,0.0,0.0
580,581,19.333,0.98,1,-0.041911,0.228786,-0.972574,-0.210445,0.239114,-0.947912,-0.131,0.239,66.5,14.0,454.8,0.163,0.178,-0.071,0.0,0.0,0.03,0.0,0.66,1.6,0.05,1.53,0.68,0.22,0.0,0.13,0.0,0.16,0.0,0.33,0.0,0.0,0.0,0.0,0.0,0.0,0.0,0.0,1.0,0.0,0.0,0.0,0.0,0.0,0.0,0.0,0.0,0.0,0.0
581,582,19.367,0.98,1,-0.053373,0.220895,-0.973836,-0.19727,0.232084,-0.952482,-0.129,0.231,66.6,13.8,454.7,0.154,0.174,-0.071,0.0,0.0,0.03,0.0,0.62,1.56,0.0,1.42,0.6,0.13,0.0,0.23,0.01,0.26,0.0,0.29,0.0,0.0,0.0,0.0,0.0,0.0,0.0,0.0,1.0,0.0,0.0,0.0,0.0,0.0,0.0,0.0,0.0,0.0,0.0
582,583,19.4,0.98,1,-0.050733,0.213247,-0.97568,-0.18149,0.232586,-0.955492,-0.12,0.227,66.8,13.5,455.0,0.144,0.172,-0.071,0.02,0.0,0.0,0.0,0.57,1.68,0.0,1.33,0.52,0.06,0.0,0.35,0.01,0.31,0.0,0.21,0.0,0.0,0.0,0.0,0.0,0.0,0.0,0.0,1.0,0.0,0.0,0.0,0.0,0.0,0.0,0.0,0.0,0.0,0.0
583,584,19.433,0.98,1,-0.056558,0.216559,-0.97463,-0.20144,0.242637,-0.948973,-0.133,0.234,66.9,13.1,455.5,0.144,0.168,-0.068,0.02,0.0,0.0,0.0,0.6,1.79,0.0,1.47,0.53,0.12,0.0,0.51,0.08,0.4,0.0,0.29,0.0,0.0,0.0,0.0,0.0,0.0,0.0,0.0,1.0,0.0,0.0,0.0,0.0,0.0,0.0,0.0,0.0,0.0,0.0
584,585,19.467,0.98,1,-0.040986,0.216291,-0.975468,-0.182486,0.242675,-0.95279,-0.115,0.234,67.0,13.1,454.8,0.142,0.166,-0.067,0.02,0.0,0.0,0.0,0.65,1.82,0.07,1.63,0.59,0.12,0.0,0.44,0.07,0.32,0.0,0.37,0.0,0.0,0.0,0.0,0.0,0.0,0.0,0.0,1.0,0.0,0.0,0.0,0.0,0.0,0.0,0.0,0.0,0.0,0.0
585,586,19.5,0.98,1,-0.050858,0.223192,-0.973447,-0.172086,0.235613,-0.95649,-0.115,0.233,66.8,13.4,453.0,0.149,0.169,-0.069,0.04,0.0,0.03,0.0,0.68,1.7,0.07,1.71,0.61,0.07,0.0,0.33,0.11,0.18,0.0,0.53,0.0,0.0,0.0,0.0,0.0,0.0,0.0,0.0,1.0,0.0,0.0,0.0,0.0,0.0,0.0,0.0,0.0,0.0,0.0
586,587,19.533,0.98,1,-0.057222,0.225235,-0.972623,-0.171782,0.22525,-0.959038,-0.118,0.229,66.8,13.5,452.5,0.154,0.17,-0.068,0.04,0.0,0.03,0.0,0.64,1.53,0.07,1.62,0.6,0.01,0.0,0.27,0.04,0.06,0.0,0.57,0.0,0.0,0.0,0.0,0.0,0.0,0.0,0.0,1.0,0.0,0.0,0.0,0.0,0.0,0.0,0.0,0.0,0.0,0.0
587,588,19.567,0.98,1,-0.056472,0.224581,-0.972818,-0.181619,0.239116,-0.953854,-0.123,0.236,66.9,13.5,452.6,0.16,0.17,-0.071,0.04,0.0,0.03,0.0,0.63,1.44,0.01,1.53,0.55,0.01,0.0,0.27,0.04,0.02,0.0,0.75,0.0,0.0,0.0,0.0,0.0,0.0,0.0,0.0,1.0,0.0,0.0,0.0,0.0,0.0,0.0,0.0,0.0,0.0,0.0
588,589,19.6,0.98,1,-0.05582,0.217188,-0.974532,-0.176738,0.235488,-0.955672,-0.12,0.23,67.0,13.6,452.7,0.153,0.168,-0.069,0.03,0.0,0.03,0.0,0.62,1.56,0.01,1.5,0.53,0.01,0.0,0.21,0.0,0.03,0.0,0.6,0.0,0.0,0.0,0.0,0.0,0.0,0.0,0.0,1.0,0.0,0.0,0.0,0.0,0.0,0.0,0.0,0.0,0.0,0.0
589,590,19.633,0.98,1,-0.069488,0.22105,-0.972784,-0.186108,0.238198,-0.953218,-0.132,0.234,67.1,13.5,452.6,0.153,0.17,-0.068,0.03,0.0,0.03,0.0,0.58,1.7,0.01,1.53,0.51,0.0,0.0,0.2,0.0,0.15,0.0,0.42,0.0,0.0,0.0,0.0,0.0,0.0,0.0,0.0,1.0,0.0,0.0,0.0,0.0,0.0,0.0,0.0,0.0,0.0,0.0
590,591,19.667,0.98,1,-0.027323,0.211431,-0.977011,-0.186959,0.233183,-0.954291,-0.11,0.226,67.3,13.3,453.6,0.142,0.17,-0.067,0.03,0.0,0.03,0.0,0.55,1.92,0.02,1.67,0.51,0.0,0.0,0.29,0.0,0.32,0.0,0.15,0.0,0.0,0.0,0.0,0.0,0.0,0.0,0.0,1.0,0.0,0.0,0.0,0.0,0.0,0.0,0.0,0.0,0.0,0.0
591,592,19.7,0.98,1,-0.075027,0.208245,-0.975195,-0.175107,0.233134,-0.956549,-0.129,0.225,67.4,13.3,453.3,0.134,0.164,-0.067,0.21,0.09,0.05,0.0,0.47,1.87,0.02,1.76,0.56,0.04,0.0,0.52,0.07,0.39,0.0,0.11,0.42,0.0,0.0,0.0,0.0,0.0,0.0,0.0,1.0,0.0,0.0,0.0,0.0,0.0,0.0,0.0,0.0,0.0,0.0
592,593,19.733,0.98,1,0.007874,0.315323,-0.948952,-0.230572,0.33363,-0.914072,-0.119,0.335,68.3,14.1,458.7,0.14,0.163,-0.066,0.5,0.23,0.11,0.0,0.47,1.91,0.08,1.92,0.6,0.06,0.0,0.43,0.22,0.27,0.0,0.32,0.96,0.0,0.0,0.0,0.0,0.0,0.0,0.0,1.0,0.0,0.0,0.0,0.0,0.0,0.0,0.0,0.0,0.0,1.0
593,594,19.767,0.98,1,0.033362,0.336903,-0.940948,-0.270743,0.365401,-0.890607,-0.129,0.366,68.4,14.9,461.5,0.145,0.171,-0.069,0.64,0.23,0.12,0.0,0.52,2.14,0.23,2.04,0.59,0.06,0.0,0.31,0.34,0.08,0.0,0.39,1.44,0.0,0.0,0.0,0.0,0.0,0.0,0.0,1.0,0.0,0.0,0.0,0.0,0.0,0.0,0.0,0.0,0.0,1.0
594,595,19.8,0.98,1,0.002118,0.322559,-0.946547,-0.2626,0.358618,-0.895787,-0.14,0.354,68.3,14.7,456.8,0.136,0.161,-0.069,0.56,0.2,0.11,0.0,0.59,2.01,0.29,1.95,0.55,0.03,0.0,0.11,0.36,0.0,0.0,0.41,1.09,0.0,0.0,0.0,0.0,0.0,0.0,0.0,1.0,0.0,0.0,0.0,0.0,0.0,0.0,0.0,0.0,0.0,1.0
595,596,19.833,0.98,1,-0.020656,0.303926,-0.952472,-0.218814,0.331974,-0.917558,-0.127,0.328,67.8,14.3,453.5,0.14,0.172,-0.07,0.27,0.14,0.1,0.08,0.66,2.01,0.33,1.82,0.51,0.11,0.0,0.09,0.31,0.0,0.0,0.36,0.58,0.0,0.0,0.0,0.0,0.0,0.0,0.0,1.0,0.0,0.0,0.0,0.0,0.0,0.0,0.0,0.0,0.0,1.0
596,597,19.867,0.98,1,-0.069629,0.291765,-0.953952,-0.217479,0.299449,-0.928996,-0.151,0.304,68.0,14.1,453.2,0.139,0.173,-0.072,0.13,0.14,0.23,0.08,0.67,1.81,0.26,1.65,0.5,0.11,0.0,0.08,0.26,0.0,0.0,0.41,0.11,0.0,0.0,0.0,0.0,0.0,0.0,0.0,1.0,0.0,0.0,0.0,0.0,0.0,0.0,0.0,0.0,0.0,1.0
597,598,19.9,0.98,1,-0.061978,0.272834,-0.960063,-0.201969,0.267972,-0.942019,-0.138,0.277,68.1,13.9,452.3,0.137,0.171,-0.075,0.07,0.08,0.19,0.08,0.69,1.74,0.21,1.58,0.48,0.25,0.0,0.11,0.19,0.02,0.0,0.4,0.03,0.0,0.0,0.0,0.0,0.0,0.0,0.0,1.0,0.0,0.0,0.0,0.0,0.0,0.0,0.0,0.0,0.0,0.0
598,599,19.933,0.98,1,-0.076313,0.256373,-0.963561,-0.169087,0.247405,-0.954044,-0.127,0.257,68.1,13.6,451.3,0.145,0.173,-0.082,0.07,0.0,0.13,0.0,0.67,1.61,0.13,1.59,0.49,0.24,0.0,0.11,0.09,0.02,0.05,0.32,0.0,0.0,0.0,0.0,0.0,0.0,0.0,0.0,1.0,0.0,0.0,0.0,0.0,0.0,0.0,0.0,0.0,0.0,0.0
599,600,19.967,0.98,1,-0.103201,0.234415,-0.966643,-0.19198,0.236704,-0.952426,-0.153,0.241,68.5,13.7,452.2,0.148,0.172,-0.082,0.07,0.0,0.0,0.0,0.64,1.51,0.08,1.58,0.55,0.33,0.04,0.06,0.01,0.04,0.05,0.22,0.0,0.0,0.0,0.0,0.0,0.0,0.0,0.0,1.0,0.0,0.0,0.0,0.0,0.0,0.0,0.0,0.0,0.0,0.0
600,601,20.0,0.98,1,-0.099849,0.239222,-0.965817,-0.182597,0.244865,-0.952208,-0.146,0.247,68.5,13.8,452.0,0.148,0.171,-0.082,0.0,0.0,0.0,0.0,0.63,1.74,0.07,1.73,0.58,0.17,0.04,0.01,0.0,0.06,0.05,0.25,0.0,0.0,0.0,0.0,0.0,0.0,0.0,0.0,1.0,0.0,0.0,0.0,0.0,0.0,0.0,0.0,0.0,0.0,0.0
601,602,20.033,0.98,1,-0.09717,0.243821,-0.96494,-0.181318,0.250002,-0.951117,-0.144,0.252,68.5,13.9,451.5,0.148,0.169,-0.081,0.0,0.0,0.0,0.0,0.65,2.01,0.1,1.82,0.6,0.1,0.04,0.05,0.0,0.09,0.05,0.28,0.0,0.0,0.0,0.0,0.0,0.0,0.0,0.0,1.0,0.0,0.0,0.0,0.0,0.0,0.0,0.0,0.0,0.0,0.0
602,603,20.067,0.98,1,-0.098567,0.247284,-0.963917,-0.189076,0.249121,-0.949836,-0.149,0.254,68.6,14.1,451.1,0.149,0.167,-0.08,0.0,0.0,0.0,0.0,0.66,2.05,0.15,1.85,0.56,0.02,0.0,0.12,0.0,0.11,0.05,0.33,0.0,0.0,0.0,0.0,0.0,0.0,0.0,0.0,1.0,0.0,0.0,0.0,0.0,0.0,0.0,0.0,0.0,0.0,0.0
603,604,20.1,0.98,1,-0.099161,0.246189,-0.964136,-0.196605,0.243876,-0.949669,-0.153,0.251,68.5,14.1,450.4,0.147,0.164,-0.078,0.0,0.0,0.01,0.0,0.67,1.94,0.19,1.86,0.56,0.02,0.0,0.15,0.0,0.15,0.09,0.34,0.0,0.0,0.0,0.0,0.0,0.0,0.0,0.0,1.0,0.0,0.0,0.0,0.0,0.0,0.0,0.0,0.0,0.0,0.0
604,605,20.133,0.98,1,-0.089235,0.251054,-0.963851,-0.191149,0.252631,-0.948493,-0.146,0.258,68.5,14.2,450.2,0.15,0.164,-0.079,0.0,0.0,0.01,0.0,0.65,1.78,0.19,1.79,0.54,0.01,0.0,0.11,0.0,0.17,0.11,0.34,0.0,0.0,0.0,0.0,0.0,0.0,0.0,0.0,1.0,0.0,0.0,0.0,0.0,0.0,0.0,0.0,0.0,0.0,0.0
605,606,20.167,0.98,1,-0.094939,0.253099,-0.962771,-0.198412,0.252382,-0.947067,-0.152,0.259,68.8,14.3,450.7,0.148,0.16,-0.079,0.03,0.0,0.01,0.0,0.67,1.76,0.18,1.79,0.56,0.0,0.0,0.08,0.0,0.17,0.11,0.32,0.0,0.0,0.0,0.0,0.0,0.0,0.0,0.0,1.0,0.0,0.0,0.0,0.0,0.0,0.0,0.0,0.0,0.0,0.0
606,607,20.2,0.98,1,-0.095475,0.249205,-0.963733,-0.193611,0.244791,-0.950049,-0.15,0.253,68.7,14.3,451.1,0.139,0.164,-0.076,0.03,0.0,0.03,0.0,0.58,1.66,0.14,1.64,0.5,0.0,0.0,0.03,0.0,0.12,0.07,0.21,0.0,0.0,0.0,0.0,0.0,0.0,0.0,0.0,1.0,0.0,0.0,0.0,0.0,0.0,0.0,0.0,0.0,0.0,0.0
607,608,20.233,0.98,1,-0.099464,0.24198,-0.96517,-0.202071,0.245237,-0.94817,-0.156,0.249,68.7,14.2,453.4,0.138,0.17,-0.072,0.05,0.0,0.08,0.0,0.51,1.79,0.09,1.5,0.39,0.0,0.06,0.03,0.0,0.11,0.01,0.1,0.0,0.0,0.0,0.0,0.0,0.0,0.0,0.0,1.0,0.0,0.0,0.0,0.0,0.0,0.0,0.0,0.0,0.0,0.0
608,609,20.267,0.98,1,-0.102849,0.250342,-0.962679,-0.21305,0.234552,-0.94847,-0.164,0.248,68.6,14.0,454.5,0.134,0.173,-0.068,0.03,0.0,0.09,0.0,0.4,1.88,0.0,1.41,0.29,0.0,0.07,0.0,0.0,0.1,0.01,0.0,0.0,0.0,0.0,0.0,0.0,0.0,0.0,0.0,1.0,0.0,0.0,0.0,0.0,0.0,0.0,0.0,0.0,0.0,0.0
609,610,20.3,0.98,1,-0.10508,0.25493,-0.961233,-0.219336,0.233767,-0.94723,-0.168,0.251,68.5,13.9,454.6,0.132,0.177,-0.067,0.12,0.0,0.09,0.0,0.39,2.01,0.0,1.35,0.28,0.0,0.07,0.0,0.0,0.08,0.0,0.0,0.0,0.0,0.0,0.0,0.0,0.0,0.0,0.0,1.0,0.0,0.0,0.0,0.0,0.0,0.0,0.0,0.0,0.0,0.0
610,611,20.333,0.98,1,-0.099371,0.25149,-0.962745,-0.228327,0.231512,-0.945658,-0.17,0.248,68.5,13.8,455.4,0.136,0.178,-0.067,0.11,0.0,0.08,0.0,0.4,1.86,0.0,1.29,0.27,0.0,0.01,0.0,0.0,0.1,0.0,0.0,0.0,0.0,0.0,0.0,0.0,0.0,0.0,0.0,1.0,0.0,0.0,0.0,0.0,0.0,0.0,0.0,0.0,0.0,0.0
611,612,20.367,0.98,1,-0.091662,0.257717,-0.961863,-0.229345,0.230357,-0.945694,-0.167,0.25,68.4,13.9,455.9,0.139,0.177,-0.065,0.14,0.0,0.06,0.0,0.39,1.75,0.0,1.27,0.31,0.0,0.04,0.0,0.0,0.13,0.0,0.0,0.0,0.0,0.0,0.0,0.0,0.0,0.0,0.0,1.0,0.0,0.0,0.0,0.0,0.0,0.0,0.0,0.0,0.0,0.0
612,613,20.4,0.98,1,-0.090697,0.258329,-0.96179,-0.228304,0.231617,-0.945638,-0.166,0.251,68.2,14.1,454.1,0.135,0.175,-0.065,0.08,0.0,0.05,0.04,0.43,1.71,0.0,1.32,0.33,0.01,0.04,0.05,0.0,0.18,0.0,0.0,0.0,0.0,0.0,0.0,0.0,0.0,0.0,0.0,1.0,0.0,0.0,0.0,0.0,0.0,0.0,0.0,0.0,0.0,0.0
613,614,20.433,0.98,1,-0.080955,0.251743,-0.964402,-0.238865,0.228284,-0.943838,-0.166,0.246,68.0,14.4,453.6,0.14,0.175,-0.064,0.09,0.0,0.1,0.04,0.45,1.86,0.04,1.5,0.38,0.06,0.04,0.05,0.0,0.13,0.12,0.16,0.0,0.0,0.0,0.0,0.0,0.0,0.0,0.0,1.0,0.0,0.0,0.0,0.0,0.0,0.0,0.0,0.0,0.0,0.0
614,615,20.467,0.98,1,-0.092397,0.268507,-0.958836,-0.231294,0.254279,-0.939066,-0.169,0.269,67.9,14.8,453.2,0.154,0.177,-0.069,0.05,0.0,0.1,0.04,0.46,1.84,0.04,1.47,0.39,0.1,0.0,0.05,0.0,0.12,0.31,0.26,0.0,0.0,0.0,0.0,0.0,0.0,0.0,0.0,1.0,0.0,0.0,0.0,0.0,0.0,0.0,0.0,0.0,0.0,0.0
615,616,20.5,0.98,1,-0.091789,0.263548,-0.960269,-0.225049,0.26092,-0.938762,-0.165,0.269,67.7,14.9,452.9,0.146,0.179,-0.067,0.02,0.0,0.08,0.0,0.47,1.91,0.06,1.48,0.41,0.11,0.0,0.0,0.0,0.05,0.41,0.34,0.0,0.0,0.0,0.0,0.0,0.0,0.0,0.0,1.0,0.0,0.0,0.0,0.0,0.0,0.0,0.0,0.0,0.0,0.0
616,617,20.533,0.98,1,-0.085743,0.258448,-0.962212,-0.219171,0.240979,-0.945459,-0.158,0.256,67.8,14.8,452.6,0.153,0.177,-0.071,0.0,0.0,0.0,0.0,0.47,1.82,0.02,1.32,0.41,0.1,0.0,0.0,0.0,0.06,0.36,0.27,0.0,0.0,0.0,0.0,0.0,0.0,0.0,0.0,1.0,0.0,0.0,0.0,0.0,0.0,0.0,0.0,0.0,0.0,0.0
617,618,20.567,0.98,1,-0.089055,0.260956,-0.961234,-0.232716,0.233811,-0.944021,-0.167,0.254,67.9,14.5,452.9,0.141,0.174,-0.067,0.0,0.0,0.0,0.0,0.53,1.95,0.02,1.27,0.41,0.07,0.0,0.0,0.0,0.06,0.31,0.21,0.0,0.0,0.0,0.0,0.0,0.0,0.0,0.0,1.0,0.0,0.0,0.0,0.0,0.0,0.0,0.0,0.0,0.0,0.0
618,619,20.6,0.98,1,-0.098666,0.243468,-0.964877,-0.218464,0.245268,-0.94452,-0.165,0.251,67.9,14.3,452.8,0.138,0.176,-0.068,0.02,0.0,0.04,0.0,0.55,2.06,0.0,1.16,0.35,0.04,0.0,0.0,0.0,0.06,0.22,0.14,0.0,0.0,0.0,0.0,0.0,0.0,0.0,0.0,1.0,0.0,0.0,0.0,0.0,0.0,0.0,0.0,0.0,0.0,0.0
619,620,20.633,0.98,1,-0.089246,0.246539,-0.965015,-0.209665,0.236382,-0.94877,-0.155,0.247,68.0,14.1,451.9,0.142,0.17,-0.07,0.02,0.0,0.14,0.0,0.55,2.21,0.0,1.18,0.29,0.0,0.0,0.02,0.0,0.04,0.2,0.16,0.0,0.0,0.0,0.0,0.0,0.0,0.0,0.0,1.0,0.0,0.0,0.0,0.0,0.0,0.0,0.0,0.0,0.0,0.0
620,621,20.667,0.98,1,-0.078665,0.246568,-0.965928,-0.221026,0.246511,-0.943599,-0.156,0.253,68.0,13.9,452.7,0.141,0.17,-0.066,0.02,0.0,0.17,0.0,0.49,2.27,0.02,1.29,0.22,0.0,0.0,0.02,0.0,0.0,0.06,0.11,0.0,0.0,0.0,0.0,0.0,0.0,0.0,0.0,1.0,0.0,0.0,0.0,0.0,0.0,0.0,0.0,0.0,0.0,0.0
621,622,20.7,0.98,1,-0.079187,0.249716,-0.965076,-0.215022,0.253422,-0.943156,-0.153,0.258,67.7,13.7,452.2,0.136,0.173,-0.065,0.0,0.0,0.19,0.0,0.43,2.06,0.05,1.53,0.25,0.0,0.0,0.02,0.0,0.0,0.06,0.11,0.0,0.0,0.0,0.0,0.0,0.0,0.0,0.0,1.0,0.0,0.0,0.0,0.0,0.0,0.0,0.0,0.0,0.0,0.0
622,623,20.733,0.98,1,-0.093973,0.241154,-0.965926,-0.213143,0.243773,-0.946121,-0.159,0.248,67.7,13.3,452.8,0.135,0.172,-0.065,0.0,0.0,0.15,0.0,0.34,1.77,0.06,1.58,0.31,0.0,0.0,0.0,0.0,0.0,0.0,0.0,0.0,0.0,0.0,0.0,0.0,0.0,0.0,0.0,1.0,0.0,0.0,0.0,0.0,0.0,0.0,0.0,0.0,0.0,0.0
623,624,20.767,0.98,1,-0.086641,0.242742,-0.966214,-0.229718,0.238538,-0.943573,-0.164,0.247,67.7,13.1,453.5,0.13,0.173,-0.066,0.0,0.0,0.12,0.0,0.38,1.66,0.16,1.51,0.32,0.0,0.0,0.03,0.0,0.0,0.05,0.0,0.0,0.0,0.0,0.0,0.0,0.0,0.0,0.0,1.0,0.0,0.0,0.0,0.0,0.0,0.0,0.0,0.0,0.0,0.0
624,625,20.8,0.98,1,-0.087757,0.247888,-0.964806,-0.220919,0.239103,-0.945529,-0.16,0.25,67.4,13.1,453.7,0.133,0.179,-0.066,0.0,0.0,0.06,0.0,0.37,1.62,0.24,1.38,0.26,0.0,0.0,0.03,0.0,0.0,0.17,0.0,0.0,0.0,0.0,0.0,0.0,0.0,0.0,0.0,1.0,0.0,0.0,0.0,0.0,0.0,0.0,0.0,0.0,0.0,0.0
625,626,20.833,0.98,1,-0.083911,0.244698,-0.965962,-0.216476,0.235491,-0.947461,-0.156,0.246,67.4,13.1,454.4,0.135,0.175,-0.064,0.0,0.0,0.0,0.0,0.38,1.69,0.25,1.26,0.22,0.0,0.0,0.07,0.0,0.0,0.17,0.0,0.0,0.0,0.0,0.0,0.0,0.0,0.0,0.0,1.0,0.0,0.0,0.0,0.0,0.0,0.0,0.0,0.0,0.0,0.0
626,627,20.867,0.98,1,-0.102697,0.23713,-0.966034,-0.219176,0.229195,-0.948384,-0.167,0.239,67.1,13.1,454.4,0.132,0.175,-0.064,0.0,0.0,0.0,0.0,0.39,1.59,0.24,1.31,0.27,0.0,0.0,0.04,0.0,0.0,0.16,0.0,0.0,0.0,0.0,0.0,0.0,0.0,0.0,0.0,1.0,0.0,0.0,0.0,0.0,0.0,0.0,0.0,0.0,0.0,0.0
627,628,20.9,0.98,1,-0.10188,0.238502,-0.965783,-0.21708,0.23121,-0.948377,-0.165,0.241,66.9,13.3,454.0,0.136,0.182,-0.066,0.0,0.0,0.0,0.0,0.38,1.66,0.12,1.29,0.36,0.0,0.0,0.04,0.0,0.0,0.05,0.0,0.0,0.0,0.0,0.0,0.0,0.0,0.0,0.0,1.0,0.0,0.0,0.0,0.0,0.0,0.0,0.0,0.0,0.0,0.0
628,629,20.933,0.98,1,-0.103764,0.239331,-0.965378,-0.216003,0.23102,-0.948669,-0.166,0.241,66.9,13.2,453.9,0.14,0.183,-0.068,0.0,0.0,0.01,0.0,0.47,1.53,0.15,1.34,0.35,0.0,0.0,0.01,0.0,0.0,0.05,0.0,0.0,0.0,0.0,0.0,0.0,0.0,0.0,0.0,1.0,0.0,0.0,0.0,0.0,0.0,0.0,0.0,0.0,0.0,0.0
629,630,20.967,0.98,1,-0.099556,0.246056,-0.964129,-0.233007,0.235536,-0.94352,-0.173,0.247,66.7,13.1,454.3,0.137,0.183,-0.065,0.0,0.0,0.01,0.0,0.45,1.35,0.16,1.21,0.32,0.0,0.0,0.0,0.0,0.0,0.18,0.0,0.0,0.0,0.0,0.0,0.0,0.0,0.0,0.0,1.0,0.0,0.0,0.0,0.0,0.0,0.0,0.0,0.0,0.0,0.0
630,631,21.0,0.98,1,-0.087364,0.241071,-0.966567,-0.225941,0.241951,-0.943616,-0.163,0.248,66.9,13.1,454.1,0.138,0.183,-0.067,0.0,0.0,0.01,0.0,0.47,1.17,0.24,1.18,0.24,0.0,0.0,0.0,0.0,0.0,0.37,0.0,0.0,0.0,0.0,0.0,0.0,0.0,0.0,0.0,1.0,0.0,0.0,0.0,0.0,0.0,0.0,0.0,0.0,0.0,0.0
631,632,21.033,0.98,1,-0.091848,0.214194,-0.972463,-0.218701,0.227777,-0.948835,-0.16,0.226,67.0,13.1,455.2,0.138,0.181,-0.065,0.0,0.0,0.01,0.0,0.42,1.12,0.23,1.19,0.22,0.0,0.0,0.0,0.01,0.0,0.49,0.0,0.0,0.0,0.0,0.0,0.0,0.0,0.0,0.0,1.0,0.0,0.0,0.0,0.0,0.0,0.0,0.0,0.0,0.0,0.0
632,633,21.067,0.98,1,-0.097719,0.248752,-0.963625,-0.232767,0.236472,-0.943345,-0.172,0.249,66.9,12.9,454.6,0.137,0.182,-0.063,0.0,0.0,0.01,0.0,0.41,1.04,0.16,1.23,0.21,0.06,0.0,0.01,0.03,0.0,0.49,0.0,0.0,0.0,0.0,0.0,0.0,0.0,0.0,0.0,1.0,0.0,0.0,0.0,0.0,0.0,0.0,0.0,0.0,0.0,0.0
633,634,21.1,0.98,1,-0.118045,0.248094,-0.961517,-0.221737,0.238315,-0.945536,-0.176,0.25,66.9,13.1,453.9,0.141,0.182,-0.064,0.0,0.0,0.05,0.0,0.42,1.09,0.07,1.21,0.16,0.06,0.0,0.07,0.03,0.0,0.32,0.0,0.0,0.0,0.0,0.0,0.0,0.0,0.0,0.0,1.0,0.0,0.0,0.0,0.0,0.0,0.0,0.0,0.0,0.0,0.0
634,635,21.133,0.98,1,-0.10164,0.252549,-0.962231,-0.233634,0.232998,-0.943995,-0.174,0.249,66.8,13.1,454.1,0.147,0.182,-0.064,0.0,0.0,0.04,0.0,0.44,1.22,0.05,1.16,0.18,0.06,0.0,0.07,0.01,0.0,0.23,0.04,0.0,0.0,0.0,0.0,0.0,0.0,0.0,0.0,1.0,0.0,0.0,0.0,0.0,0.0,0.0,0.0,0.0,0.0,0.0
635,636,21.167,0.98,1,-0.097471,0.254329,-0.962193,-0.242667,0.237592,-0.940565,-0.177,0.253,66.6,13.2,453.7,0.158,0.18,-0.066,0.0,0.0,0.06,0.0,0.42,1.12,0.07,1.25,0.2,0.02,0.0,0.08,0.0,0.0,0.23,0.07,0.0,0.0,0.0,0.0,0.0,0.0,0.0,0.0,1.0,0.0,0.0,0.0,0.0,0.0,0.0,0.0,0.0,0.0,0.0
636,637,21.2,0.98,1,-0.106159,0.244439,-0.963836,-0.247214,0.23837,-0.939183,-0.184,0.248,66.4,13.2,453.3,0.154,0.177,-0.069,0.0,0.0,0.03,0.0,0.4,0.96,0.14,1.41,0.26,0.02,0.0,0.09,0.0,0.0,0.41,0.1,0.0,0.0,0.0,0.0,0.0,0.0,0.0,0.0,1.0,0.0,0.0,0.0,0.0,0.0,0.0,1.0,0.0,0.0,0.0
637,638,21.233,0.98,1,-0.098648,0.230031,-0.968171,-0.253344,0.247,-0.935312,-0.183,0.246,66.0,13.2,453.2,0.159,0.181,-0.072,0.0,0.0,0.09,0.0,0.43,0.83,0.14,1.51,0.25,0.02,0.0,0.15,0.0,0.0,0.52,0.15,0.0,0.0,0.0,0.0,0.0,0.0,0.0,0.0,1.0,0.0,0.0,0.0,0.0,0.0,0.0,0.0,0.0,0.0,0.0
638,639,21.267,0.98,1,-0.099235,0.256804,-0.961355,-0.261403,0.253362,-0.931384,-0.188,0.263,65.8,13.2,452.8,0.162,0.179,-0.072,0.0,0.0,0.06,0.0,0.52,1.05,0.16,1.51,0.26,0.14,0.0,0.12,0.0,0.0,0.58,0.28,0.0,0.0,0.0,0.0,0.0,0.0,0.0,0.0,1.0,0.0,0.0,0.0,0.0,0.0,0.0,0.0,0.0,0.0,0.0
639,640,21.3,0.98,1,-0.102864,0.240761,-0.965118,-0.267382,0.21909,-0.938353,-0.192,0.237,65.2,13.3,452.8,0.158,0.186,-0.071,0.0,0.0,0.06,0.0,0.54,1.15,0.12,1.44,0.28,0.2,0.0,0.17,0.0,0.03,0.42,0.39,0.0,0.0,0.0,0.0,0.0,0.0,0.0,0.0,1.0,0.0,0.0,0.0,0.0,0.0,0.0,0.0,0.0,0.0,0.0
640,641,21.333,0.98,1,-0.117329,0.237768,-0.96421,-0.272567,0.211744,-0.938548,-0.202,0.232,64.6,13.2,451.5,0.154,0.197,-0.074,0.0,0.0,0.12,0.02,0.55,1.33,0.13,1.32,0.33,0.28,0.0,0.35,0.04,0.16,0.28,0.43,0.0,0.0,0.0,0.0,0.0,0.0,0.0,0.0,1.0,0.0,0.0,0.0,0.0,0.0,0.0,0.0,0.0,0.0,0.0
641,642,21.367,0.98,1,-0.117143,0.241184,-0.963384,-0.270766,0.218974,-0.937409,-0.201,0.238,64.5,13.1,453.6,0.148,0.197,-0.071,0.0,0.0,0.13,0.02,0.54,1.55,0.16,1.29,0.32,0.14,0.0,0.48,0.04,0.28,0.03,0.42,0.0,0.0,0.0,0.0,0.0,0.0,0.0,0.0,1.0,0.0,0.0,0.0,0.0,0.0,0.0,0.0,0.0,0.0,0.0
642,643,21.4,0.98,1,-0.118575,0.238507,-0.963875,-0.283902,0.221652,-0.932883,-0.209,0.238,64.2,13.4,453.3,0.138,0.198,-0.067,0.0,0.0,0.16,0.02,0.55,1.62,0.18,1.33,0.31,0.07,0.0,0.55,0.04,0.28,0.01,0.39,0.0,0.0,0.0,0.0,0.0,0.0,0.0,0.0,1.0,0.0,0.0,0.0,0.0,0.0,0.0,0.0,0.0,0.0,0.0
643,644,21.433,0.98,1,-0.132699,0.237246,-0.962344,-0.274818,0.195083,-0.941498,-0.211,0.223,63.5,13.8,451.6,0.136,0.207,-0.067,0.0,0.0,0.1,0.0,0.53,1.5,0.19,1.44,0.29,0.08,0.0,0.38,0.0,0.15,0.3,0.61,0.0,0.0,0.0,0.0,0.0,0.0,0.0,0.0,1.0,0.0,0.0,0.0,0.0,0.0,0.0,0.0,0.0,0.0,0.0
644,645,21.467,0.98,1,-0.115803,0.269544,-0.956,-0.278834,0.226967,-0.933133,-0.206,0.257,63.4,14.1,450.9,0.15,0.199,-0.07,0.0,0.0,0.09,0.0,0.52,1.21,0.18,1.46,0.33,0.21,0.0,0.33,0.0,0.03,0.55,0.63,0.0,0.0,0.0,0.0,0.0,0.0,0.0,0.0,1.0,0.0,0.0,0.0,0.0,0.0,0.0,0.0,0.0,0.0,0.0
645,646,21.5,0.98,1,-0.118517,0.27183,-0.955019,-0.271544,0.213021,-0.938555,-0.203,0.251,63.5,14.2,451.5,0.154,0.194,-0.07,0.0,0.0,0.06,0.0,0.59,1.2,0.2,1.49,0.37,0.3,0.0,0.27,0.0,0.04,0.74,0.66,0.0,0.0,0.0,0.0,0.0,0.0,0.0,0.0,1.0,0.0,0.0,0.0,0.0,0.0,0.0,0.0,0.0,0.0,0.0
646,647,21.533,0.98,1,-0.124252,0.268084,-0.955349,-0.275693,0.215533,-0.93677,-0.208,0.25,63.7,13.8,451.6,0.155,0.191,-0.07,0.0,0.0,0.0,0.0,0.64,1.28,0.25,1.57,0.44,0.3,0.0,0.3,0.0,0.06,0.62,0.49,0.0,0.0,0.0,0.0,0.0,0.0,0.0,0.0,1.0,0.0,0.0,0.0,0.0,0.0,0.0,0.0,0.0,0.0,0.0
647,648,21.567,0.98,1,-0.123043,0.270484,-0.954829,-0.290179,0.228891,-0.929196,-0.216,0.259,63.8,13.6,451.8,0.158,0.192,-0.073,0.0,0.0,0.0,0.0,0.66,1.4,0.21,1.7,0.45,0.28,0.0,0.27,0.0,0.07,0.5,0.42,0.0,0.0,0.0,0.0,0.0,0.0,0.0,0.0,1.0,0.0,0.0,0.0,0.0,0.0,0.0,0.0,0.0,0.0,0.0
648,649,21.6,0.98,1,-0.096662,0.248958,-0.963678,-0.240351,0.21774,-0.94595,-0.175,0.24,64.2,13.3,452.9,0.153,0.186,-0.069,0.0,0.0,0.0,0.0,0.66,1.55,0.22,1.78,0.45,0.19,0.0,0.17,0.0,0.04,0.49,0.39,0.0,0.0,0.0,0.0,0.0,0.0,0.0,0.0,1.0,0.0,0.0,0.0,0.0,0.0,0.0,0.0,0.0,0.0,0.0
649,650,21.633,0.98,1,-0.093385,0.248401,-0.964145,-0.205239,0.222922,-0.952986,-0.155,0.241,64.5,13.1,452.9,0.152,0.184,-0.067,0.0,0.0,0.0,0.0,0.66,1.55,0.17,1.84,0.44,0.15,0.0,0.11,0.0,0.02,0.59,0.32,0.0,0.0,0.0,0.0,0.0,0.0,0.0,0.0,1.0,0.0,0.0,0.0,0.0,0.0,0.0,0.0,0.0,0.0,0.0
650,651,21.667,0.98,1,-0.092236,0.24712,-0.964585,-0.215878,0.226476,-0.949792,-0.16,0.243,64.6,13.0,453.3,0.153,0.182,-0.067,0.0,0.0,0.0,0.0,0.67,1.66,0.14,1.73,0.44,0.04,0.0,0.07,0.0,0.0,0.66,0.3,0.0,0.0,0.0,0.0,0.0,0.0,0.0,0.0,1.0,0.0,0.0,0.0,0.0,0.0,0.0,1.0,0.0,0.0,0.0
651,652,21.7,0.98,1,-0.09539,0.250347,-0.963445,-0.220527,0.227359,-0.948512,-0.164,0.245,64.7,12.9,453.1,0.146,0.182,-0.067,0.0,0.0,0.0,0.0,0.64,1.54,0.12,1.65,0.45,0.06,0.06,0.04,0.0,0.0,0.71,0.34,0.0,0.0,0.0,0.0,0.0,0.0,0.0,0.0,1.0,0.0,0.0,0.0,0.0,0.0,0.0,1.0,0.0,0.0,0.0
652,653,21.733,0.98,1,-0.096324,0.254988,-0.962134,-0.201937,0.221692,-0.953978,-0.154,0.244,64.9,12.6,452.7,0.136,0.173,-0.065,0.0,0.0,0.06,0.0,0.59,1.44,0.13,1.61,0.44,0.02,0.06,0.0,0.0,0.0,0.75,0.46,0.0,0.0,0.0,0.0,0.0,0.0,0.0,0.0,1.0,0.0,0.0,0.0,0.0,0.0,0.0,1.0,0.0,0.0,0.0
653,654,21.767,0.98,1,-0.088726,0.256903,-0.962356,-0.209469,0.229852,-0.950416,-0.155,0.249,65.2,12.6,453.0,0.14,0.172,-0.067,0.0,0.0,0.06,0.0,0.55,1.42,0.15,1.64,0.38,0.03,0.14,0.0,0.0,0.0,0.71,0.5,0.0,0.0,0.0,0.0,0.0,0.0,0.0,0.0,1.0,0.0,0.0,0.0,0.0,0.0,0.0,1.0,0.0,0.0,0.0
654,655,21.8,0.98,1,-0.077289,0.24451,-0.966561,-0.21526,0.245375,-0.945227,-0.152,0.251,65.5,12.3,452.1,0.132,0.173,-0.073,0.0,0.0,0.06,0.0,0.59,1.4,0.14,1.73,0.39,0.0,0.08,0.0,0.0,0.0,0.72,0.5,0.0,0.0,0.0,0.0,0.0,0.0,0.0,0.0,1.0,0.0,0.0,0.0,0.0,0.0,0.0,1.0,0.0,0.0,0.0
655,656,21.833,0.98,1,-0.074351,0.24393,-0.966938,-0.178179,0.258175,-0.949525,-0.131,0.256,65.8,11.9,451.9,0.123,0.17,-0.076,0.0,0.0,0.12,0.02,0.62,1.47,0.1,1.82,0.45,0.0,0.1,0.0,0.01,0.0,0.62,0.4,0.0,0.0,0.0,0.0,0.0,0.0,0.0,0.0,1.0,0.0,0.0,0.0,0.0,0.0,0.0,1.0,0.0,0.0,0.0
656,657,21.867,0.98,1,-0.072379,0.235838,-0.969093,-0.178943,0.265799,-0.947275,-0.13,0.256,66.1,11.5,453.0,0.127,0.17,-0.076,0.0,0.0,0.11,0.02,0.61,1.46,0.15,1.82,0.44,0.0,0.13,0.0,0.01,0.0,0.78,0.32,0.0,0.0,0.0,0.0,0.0,0.0,0.0,0.0,1.0,0.0,0.0,0.0,0.0,0.0,0.0,1.0,0.0,0.0,0.0
657,658,21.9,0.98,1,-0.080582,0.225442,-0.970918,-0.170809,0.264303,-0.949193,-0.13,0.25,66.1,11.2,452.4,0.115,0.17,-0.079,0.0,0.0,0.11,0.02,0.49,1.35,0.16,1.82,0.39,0.0,0.22,0.04,0.01,0.02,0.73,0.2,0.0,0.0,0.0,0.0,0.0,0.0,0.0,0.0,1.0,0.0,0.0,0.0,0.0,0.0,0.0,1.0,0.0,0.0,0.0
658,659,21.933,0.98,1,-0.058865,0.231269,-0.971107,-0.181968,0.254319,-0.949847,-0.125,0.248,66.0,10.8,451.8,0.11,0.171,-0.079,0.0,0.0,0.0,0.0,0.46,1.3,0.16,1.63,0.32,0.0,0.2,0.04,0.0,0.04,0.71,0.42,0.0,0.0,0.0,0.0,0.0,0.0,0.0,0.0,1.0,0.0,0.0,0.0,0.0,0.0,0.0,1.0,0.0,0.0,0.0
659,660,21.967,0.98,1,-0.076088,0.239409,-0.967933,-0.172098,0.254856,-0.951541,-0.129,0.252,65.9,10.6,451.7,0.11,0.17,-0.076,0.0,0.0,0.0,0.0,0.48,1.35,0.08,1.69,0.38,0.0,0.09,0.04,0.0,0.04,0.67,0.6,0.0,0.0,0.0,0.0,0.0,0.0,0.0,0.0,1.0,0.0,0.0,0.0,0.0,0.0,0.0,1.0,0.0,0.0,0.0
660,661,22.0,0.98,1,-0.075238,0.242958,-0.967115,-0.159324,0.249376,-0.955211,-0.121,0.251,65.7,10.5,450.9,0.107,0.166,-0.074,0.0,0.0,0.0,0.0,0.53,1.53,0.04,1.66,0.38,0.0,0.01,0.0,0.0,0.02,0.71,0.86,0.0,0.0,0.0,0.0,0.0,0.0,0.0,0.0,1.0,0.0,0.0,0.0,0.0,0.0,0.0,1.0,0.0,0.0,0.0
661,662,22.033,0.98,1,-0.076167,0.238771,-0.968084,-0.168543,0.247526,-0.954109,-0.127,0.248,65.6,10.3,451.6,0.106,0.164,-0.072,0.0,0.0,0.03,0.0,0.54,1.73,0.04,1.75,0.44,0.03,0.01,0.05,0.1,0.03,0.5,0.73,0.0,0.0,0.0,0.0,0.0,0.0,0.0,0.0,1.0,0.0,0.0,0.0,0.0,0.0,0.0,0.0,0.0,0.0,0.0
662,663,22.067,0.98,1,-0.074443,0.244447,-0.966801,-0.170723,0.246211,-0.954062,-0.127,0.25,65.6,10.0,452.7,0.103,0.161,-0.068,0.26,0.1,0.14,0.0,0.47,1.77,0.04,1.78,0.45,0.03,0.01,0.09,0.1,0.03,0.22,0.59,0.38,0.0,0.0,0.0,0.0,0.0,0.0,0.0,1.0,0.0,0.0,0.0,0.0,0.0,0.0,0.0,0.0,0.0,0.0
663,664,22.1,0.98,1,-0.003398,0.304682,-0.952448,-0.232344,0.283834,-0.930298,-0.125,0.303,66.4,10.0,458.4,0.092,0.16,-0.069,0.6,0.36,0.22,0.0,0.31,1.8,0.05,1.9,0.47,0.03,0.06,0.25,0.1,0.03,0.0,0.38,1.07,0.0,0.0,0.0,0.0,0.0,0.0,0.0,1.0,0.0,0.0,0.0,0.0,0.0,0.0,0.0,0.0,0.0,1.0
664,665,22.133,0.98,1,0.000495,0.321564,-0.946888,-0.204347,0.345782,-0.915793,-0.109,0.344,67.4,10.3,464.4,0.091,0.164,-0.068,0.83,0.5,0.34,0.0,0.18,1.78,0.08,2.02,0.46,0.0,0.13,0.44,0.0,0.0,0.0,0.3,1.79,0.0,0.0,0.0,0.0,0.0,0.0,0.0,1.0,0.0,0.0,0.0,0.0,0.0,0.0,0.0,0.0,0.0,1.0
665,666,22.167,0.98,1,0.006383,0.326084,-0.945319,-0.227871,0.338418,-0.912989,-0.119,0.343,66.8,10.0,462.1,0.092,0.161,-0.066,0.71,0.43,0.42,0.0,0.23,1.92,0.13,1.97,0.42,0.0,0.13,0.4,0.0,0.0,0.03,0.39,1.93,0.0,0.0,0.0,0.0,0.0,0.0,0.0,1.0,0.0,0.0,0.0,0.0,0.0,0.0,0.0,0.0,0.0,1.0
666,667,22.2,0.98,1,-0.005527,0.315688,-0.948847,-0.229782,0.324194,-0.917659,-0.125,0.33,66.1,9.8,456.8,0.097,0.16,-0.067,0.37,0.17,0.48,0.0,0.44,2.11,0.16,1.85,0.42,0.0,0.13,0.3,0.0,0.0,0.21,0.48,1.56,0.0,0.0,0.0,0.0,0.0,0.0,0.0,1.0,0.0,0.0,0.0,0.0,0.0,0.0,0.0,0.0,0.0,1.0
667,668,22.233,0.98,1,-0.041959,0.299838,-0.953067,-0.250852,0.286023,-0.924805,-0.155,0.302,65.9,9.8,454.8,0.105,0.162,-0.066,0.21,0.03,0.57,0.0,0.59,2.22,0.18,1.77,0.4,0.04,0.13,0.1,0.04,0.0,0.33,0.57,1.04,0.0,0.0,0.0,0.0,0.0,0.0,0.0,1.0,0.0,0.0,0.0,0.0,0.0,0.0,0.0,0.0,0.0,1.0
668,669,22.267,0.98,1,-0.037198,0.285348,-0.957702,-0.262316,0.246772,-0.932896,-0.157,0.274,65.6,9.8,456.3,0.113,0.161,-0.058,0.11,0.01,0.44,0.0,0.6,2.08,0.16,1.72,0.35,0.04,0.13,0.1,0.04,0.0,0.44,0.58,0.71,0.0,0.0,0.0,0.0,0.0,0.0,0.0,1.0,0.0,0.0,0.0,0.0,0.0,0.0,0.0,0.0,0.0,1.0
669,670,22.3,0.98,1,-0.061854,0.270735,-0.960665,-0.23914,0.209057,-0.948213,-0.156,0.246,65.6,9.7,456.0,0.106,0.165,-0.06,0.11,0.11,0.34,0.0,0.57,1.94,0.08,1.66,0.32,0.04,0.07,0.1,0.12,0.0,0.34,0.43,0.48,0.0,0.0,0.0,0.0,0.0,0.0,0.0,1.0,0.0,0.0,0.0,0.0,0.0,0.0,0.0,0.0,0.0,0.0
670,671,22.333,0.98,1,-0.072873,0.252322,-0.964895,-0.23323,0.194277,-0.952817,-0.158,0.229,65.4,9.4,455.4,0.104,0.165,-0.057,0.04,0.13,0.23,0.0,0.52,1.79,0.03,1.54,0.27,0.0,0.0,0.13,0.1,0.0,0.25,0.29,0.5,0.0,0.0,0.0,0.0,0.0,0.0,0.0,1.0,0.0,0.0,0.0,0.0,0.0,0.0,0.0,0.0,0.0,0.0
671,672,22.367,0.98,1,-0.069004,0.255437,-0.96436,-0.243607,0.199091,-0.94922,-0.162,0.233,65.5,9.3,455.3,0.112,0.163,-0.057,0.1,0.3,0.26,0.0,0.52,1.81,0.08,1.56,0.29,0.0,0.0,0.16,0.1,0.0,0.2,0.33,0.46,0.0,0.0,0.0,0.0,0.0,0.0,0.0,1.0,0.0,0.0,0.0,0.0,0.0,0.0,0.0,0.0,0.0,0.0
672,673,22.4,0.98,1,-0.076428,0.250322,-0.965141,-0.240241,0.200469,-0.949788,-0.164,0.231,65.4,9.5,455.2,0.11,0.163,-0.056,0.13,0.32,0.28,0.0,0.47,1.83,0.11,1.57,0.28,0.0,0.07,0.25,0.02,0.0,0.12,0.44,0.38,0.0,0.0,0.0,0.0,0.0,0.0,0.0,1.0,0.0,0.0,0.0,0.0,0.0,0.0,0.0,0.0,0.0,0.0
673,674,22.433,0.98,1,-0.070751,0.247617,-0.966271,-0.241321,0.181823,-0.95326,-0.161,0.22,65.4,9.6,454.7,0.103,0.16,-0.054,0.21,0.3,0.37,0.0,0.51,1.91,0.11,1.66,0.26,0.0,0.17,0.32,0.0,0.0,0.11,0.68,0.16,0.0,0.0,0.0,0.0,0.0,0.0,0.0,1.0,0.0,0.0,0.0,0.0,0.0,0.0,0.0,0.0,0.0,0.0
674,675,22.467,0.98,1,-0.078594,0.251563,-0.964645,-0.22394,0.197593,-0.954362,-0.156,0.23,65.7,10.1,456.1,0.122,0.155,-0.055,0.12,0.15,0.41,0.0,0.5,1.96,0.03,1.74,0.25,0.0,0.23,0.44,0.0,0.0,0.17,0.83,0.01,0.0,0.0,0.0,0.0,0.0,0.0,0.0,1.0,0.0,0.0,0.0,0.0,0.0,0.0,0.0,0.0,0.0,0.0
675,676,22.5,0.98,1,-0.07915,0.243297,-0.966717,-0.214618,0.224631,-0.950516,-0.152,0.239,65.5,10.2,455.4,0.117,0.156,-0.051,0.08,0.1,0.36,0.0,0.59,1.89,0.0,1.73,0.25,0.0,0.22,0.4,0.0,0.0,0.42,1.07,0.0,0.0,0.0,0.0,0.0,0.0,0.0,0.0,1.0,0.0,0.0,0.0,0.0,0.0,0.0,1.0,0.0,0.0,0.0
676,677,22.533,0.98,1,-0.086356,0.247364,-0.965067,-0.217804,0.221609,-0.9505,-0.157,0.24,65.5,10.5,455.5,0.123,0.154,-0.049,0.08,0.13,0.3,0.0,0.61,1.9,0.0,1.71,0.29,0.02,0.13,0.43,0.0,0.03,0.54,1.14,0.05,0.0,0.0,0.0,0.0,0.0,0.0,0.0,1.0,0.0,0.0,0.0,0.0,0.0,0.0,1.0,0.0,0.0,0.0
677,678,22.567,0.98,1,-0.074771,0.24425,-0.966825,-0.212706,0.219897,-0.952051,-0.149,0.237,65.4,10.5,454.9,0.12,0.151,-0.044,0.08,0.11,0.2,0.0,0.66,1.78,0.0,1.74,0.37,0.1,0.07,0.46,0.0,0.03,0.61,1.13,0.06,0.0,0.0,0.0,0.0,0.0,0.0,0.0,1.0,0.0,0.0,0.0,0.0,0.0,0.0,1.0,1.0,0.0,0.0
678,679,22.6,0.98,1,-0.073327,0.246752,-0.9663,-0.205959,0.204178,-0.957023,-0.144,0.23,65.3,10.6,455.2,0.122,0.16,-0.043,0.08,0.03,0.18,0.0,0.65,1.84,0.0,1.79,0.41,0.15,0.13,0.53,0.0,0.05,0.44,1.04,0.07,0.0,0.0,0.0,0.0,0.0,0.0,0.0,1.0,0.0,0.0,0.0,0.0,0.0,0.0,1.0,1.0,0.0,0.0
679,680,22.633,0.98,1,-0.079863,0.246862,-0.965754,-0.21198,0.215664,-0.953181,-0.151,0.237,65.4,10.7,453.8,0.12,0.155,-0.042,0.0,0.0,0.08,0.0,0.59,1.78,0.0,1.76,0.46,0.24,0.13,0.62,0.0,0.06,0.33,1.02,0.03,0.0,0.0,0.0,0.0,0.0,0.0,0.0,1.0,0.0,0.0,0.0,0.0,0.0,0.0,0.0,1.0,0.0,0.0
680,681,22.667,0.98,1,-0.088861,0.259275,-0.961707,-0.232626,0.209348,-0.949768,-0.167,0.24,65.5,10.8,454.0,0.134,0.161,-0.042,0.0,0.0,0.15,0.0,0.54,1.93,0.0,1.65,0.4,0.27,0.13,0.54,0.0,0.09,0.23,0.94,0.03,0.0,0.0,0.0,0.0,0.0,0.0,0.0,1.0,0.0,0.0,0.0,0.0,0.0,0.0,0.0,1.0,0.0,0.0
681,682,22.7,0.98,1,-0.083554,0.258904,-0.962283,-0.252314,0.223464,-0.941489,-0.175,0.248,65.7,11.0,454.3,0.136,0.158,-0.04,0.0,0.0,0.15,0.0,0.53,2.07,0.0,1.59,0.38,0.32,0.0,0.51,0.0,0.18,0.15,0.86,0.01,0.0,0.0,0.0,0.0,0.0,0.0,0.0,1.0,0.0,0.0,0.0,0.0,0.0,0.0,0.0,1.0,0.0,0.0
682,683,22.733,0.98,1,-0.082457,0.258716,-0.962428,-0.246876,0.228958,-0.941611,-0.171,0.251,65.8,11.0,453.7,0.131,0.153,-0.039,0.0,0.0,0.12,0.0,0.49,2.11,0.0,1.46,0.35,0.26,0.0,0.44,0.0,0.29,0.12,0.69,0.01,0.0,0.0,0.0,0.0,0.0,0.0,0.0,1.0,0.0,0.0,0.0,0.0,0.0,0.0,0.0,0.0,0.0,0.0
683,684,22.767,0.98,1,-0.085188,0.253438,-0.963593,-0.249964,0.217076,-0.943608,-0.174,0.242,65.9,10.9,454.6,0.129,0.155,-0.038,0.0,0.06,0.03,0.0,0.49,2.13,0.0,1.42,0.38,0.24,0.0,0.49,0.0,0.46,0.0,0.56,0.08,0.0,0.0,0.0,0.0,0.0,0.0,0.0,1.0,0.0,0.0,0.0,0.0,0.0,0.0,0.0,0.0,0.0,0.0
684,685,22.8,0.98,1,-0.080399,0.250449,-0.964786,-0.24611,0.21485,-0.945129,-0.169,0.239,66.0,10.6,454.3,0.118,0.155,-0.036,0.0,0.12,0.03,0.0,0.48,2.06,0.0,1.37,0.42,0.2,0.0,0.54,0.0,0.56,0.0,0.39,0.08,0.0,0.0,0.0,0.0,0.0,0.0,0.0,1.0,0.0,0.0,0.0,0.0,0.0,0.0,0.0,0.0,0.0,0.0
685,686,22.833,0.98,1,-0.086606,0.252324,-0.963759,-0.240607,0.222187,-0.94485,-0.17,0.244,65.9,10.4,454.2,0.116,0.157,-0.037,0.0,0.2,0.0,0.0,0.5,1.95,0.0,1.33,0.41,0.2,0.0,0.66,0.0,0.62,0.0,0.21,0.12,0.0,0.0,0.0,0.0,0.0,0.0,0.0,1.0,0.0,0.0,0.0,1.0,0.0,0.0,0.0,0.0,0.0,0.0
686,687,22.867,0.98,1,-0.073216,0.269715,-0.960153,-0.227531,0.241908,-0.943245,-0.157,0.263,65.8,9.8,454.3,0.129,0.162,-0.04,0.0,0.14,0.04,0.0,0.52,1.81,0.0,1.42,0.44,0.15,0.0,0.72,0.0,0.64,0.0,0.13,0.25,0.0,0.0,0.0,0.0,0.0,0.0,0.0,1.0,0.0,0.0,0.0,1.0,0.0,1.0,0.0,0.0,0.0,0.0
687,688,22.9,0.98,1,-0.069227,0.279922,-0.957523,-0.221537,0.218781,-0.950293,-0.151,0.256,65.9,9.3,454.6,0.13,0.165,-0.039,0.0,0.14,0.04,0.01,0.54,1.7,0.0,1.47,0.46,0.09,0.0,0.8,0.0,0.69,0.0,0.07,0.29,0.0,0.0,0.0,0.0,0.0,0.0,0.0,1.0,0.0,0.0,0.0,1.0,0.0,1.0,0.0,0.0,0.0,0.0
688,689,22.933,0.98,1,-0.085731,0.27153,-0.958604,-0.245362,0.211789,-0.946014,-0.172,0.249,65.8,8.9,453.5,0.124,0.163,-0.038,0.0,0.06,0.04,0.01,0.53,1.58,0.0,1.65,0.46,0.15,0.0,0.79,0.0,0.74,0.0,0.17,0.26,0.0,0.0,0.0,0.0,0.0,0.0,0.0,1.0,0.0,0.0,0.0,1.0,0.0,1.0,0.0,0.0,0.0,0.0
689,690,22.967,0.98,1,-0.101406,0.271703,-0.957024,-0.233716,0.253505,-0.938676,-0.175,0.27,65.6,8.7,452.9,0.134,0.166,-0.033,0.0,0.06,0.0,0.01,0.42,1.57,0.0,1.49,0.4,0.1,0.0,0.76,0.0,0.66,0.0,0.21,0.04,0.0,0.0,0.0,0.0,0.0,0.0,0.0,1.0,0.0,0.0,0.0,1.0,0.0,1.0,0.0,0.0,0.0,0.0
690,691,23.0,0.98,1,-0.084524,0.280612,-0.956092,-0.235153,0.257449,-0.937242,-0.167,0.277,66.1,8.8,453.0,0.137,0.162,-0.038,0.0,0.0,0.0,0.06,0.33,1.59,0.0,1.36,0.26,0.11,0.0,0.68,0.0,0.5,0.0,0.32,0.0,0.0,0.0,0.0,0.0,0.0,0.0,0.0,1.0,0.0,0.0,0.0,0.0,0.0,1.0,0.0,0.0,0.0,0.0
691,692,23.033,0.98,1,-0.08133,0.270025,-0.959412,-0.238758,0.246542,-0.939261,-0.167,0.266,66.0,9.0,452.4,0.126,0.16,-0.033,0.31,0.02,0.14,0.06,0.28,1.89,0.0,1.31,0.17,0.01,0.07,0.57,0.03,0.23,0.0,0.5,0.43,0.0,0.0,0.0,0.0,0.0,0.0,0.0,1.0,0.0,0.0,0.0,0.0,0.0,0.0,0.0,0.0,0.0,0.0
692,693,23.067,0.98,1,-0.021146,0.360426,-0.932548,-0.292572,0.35491,-0.887942,-0.171,0.374,66.7,10.0,458.9,0.141,0.165,-0.035,0.67,0.17,0.32,0.06,0.32,2.01,0.0,1.45,0.19,0.04,0.25,0.48,0.03,0.1,0.27,0.76,1.06,1.0,0.0,0.0,0.0,0.0,0.0,0.0,1.0,0.0,0.0,0.0,0.0,0.0,0.0,0.0,0.0,0.0,1.0
693,694,23.1,0.98,1,-0.00487,0.367936,-0.929838,-0.308241,0.367568,-0.877429,-0.172,0.387,67.3,10.8,461.3,0.148,0.165,-0.034,0.84,0.17,0.47,0.0,0.34,2.13,0.0,1.6,0.22,0.06,0.37,0.45,0.03,0.0,0.47,0.96,1.69,1.0,0.0,0.0,0.0,0.0,0.0,0.0,1.0,0.0,0.0,0.0,0.0,0.0,0.0,0.0,0.0,0.0,1.0
694,695,23.133,0.98,1,0.001521,0.351229,-0.936288,-0.279674,0.358129,-0.890801,-0.151,0.37,66.6,10.5,456.5,0.126,0.17,-0.031,0.63,0.15,0.57,0.0,0.37,2.13,0.03,1.47,0.27,0.06,0.34,0.44,0.0,0.0,0.59,0.81,1.74,1.0,0.0,0.0,0.0,0.0,0.0,0.0,1.0,0.0,0.0,0.0,0.0,0.0,0.0,0.0,0.0,0.0,1.0
695,696,23.167,0.98,1,-0.01929,0.336303,-0.941556,-0.277426,0.355584,-0.892522,-0.16,0.361,66.1,10.5,452.8,0.135,0.172,-0.035,0.27,0.0,0.54,0.0,0.44,2.21,0.06,1.39,0.26,0.1,0.21,0.44,0.0,0.0,0.57,0.61,1.45,1.0,0.0,0.0,0.0,0.0,0.0,0.0,1.0,0.0,0.0,0.0,0.0,0.0,0.0,1.0,0.0,0.0,1.0
696,697,23.2,0.98,1,0.012005,0.313259,-0.949592,-0.266055,0.343957,-0.900504,-0.136,0.341,66.2,10.8,452.0,0.139,0.171,-0.033,0.09,0.0,0.57,0.0,0.46,2.27,0.06,1.34,0.24,0.07,0.23,0.36,0.0,0.0,0.54,0.37,1.0,1.0,0.0,0.0,0.0,0.0,0.0,0.0,1.0,0.0,0.0,0.0,0.0,0.0,0.0,1.0,0.0,0.0,1.0
697,698,23.233,0.98,1,-0.040305,0.303179,-0.952081,-0.260884,0.315215,-0.912458,-0.16,0.32,66.2,10.8,451.7,0.13,0.17,-0.031,0.02,0.0,0.44,0.0,0.48,2.15,0.03,1.38,0.2,0.07,0.26,0.36,0.0,0.0,0.57,0.4,0.63,0.0,0.0,0.0,0.0,0.0,0.0,0.0,1.0,0.0,0.0,0.0,1.0,0.0,0.0,1.0,0.0,0.0,1.0
698,699,23.267,0.98,1,-0.062396,0.30465,-0.950419,-0.245808,0.311846,-0.917786,-0.164,0.319,66.0,10.8,450.9,0.139,0.171,-0.032,0.03,0.0,0.42,0.0,0.49,2.03,0.0,1.43,0.19,0.0,0.21,0.29,0.0,0.0,0.73,0.42,0.5,0.0,0.0,0.0,0.0,0.0,0.0,0.0,1.0,0.0,0.0,0.0,1.0,0.0,0.0,1.0,0.0,0.0,1.0
699,700,23.3,0.98,1,-0.075857,0.295125,-0.952443,-0.239532,0.295156,-0.924936,-0.166,0.305,65.8,10.5,450.1,0.131,0.176,-0.029,0.03,0.0,0.37,0.0,0.49,1.98,0.0,1.43,0.18,0.0,0.24,0.28,0.0,0.0,0.83,0.46,0.45,0.0,0.0,0.0,0.0,0.0,0.0,0.0,1.0,0.0,0.0,0.0,0.0,0.0,0.0,1.0,0.0,0.0,0.0
700,701,23.333,0.98,1,-0.087208,0.285762,-0.954324,-0.222899,0.29658,-0.928631,-0.163,0.3,65.6,10.1,448.8,0.127,0.173,-0.026,0.01,0.03,0.34,0.0,0.6,2.07,0.0,1.59,0.26,0.09,0.3,0.29,0.0,0.0,0.96,0.4,0.4,0.0,0.0,0.0,0.0,0.0,0.0,0.0,1.0,0.0,0.0,0.0,1.0,0.0,0.0,1.0,0.0,0.0,0.0
701,702,23.367,0.98,1,-0.101775,0.281937,-0.954019,-0.219771,0.297238,-0.929166,-0.169,0.298,65.4,9.9,448.8,0.132,0.176,-0.025,0.01,0.03,0.33,0.0,0.57,2.18,0.0,1.59,0.24,0.09,0.44,0.4,0.0,0.0,0.93,0.3,0.39,0.0,0.0,0.0,0.0,0.0,0.0,0.0,1.0,0.0,0.0,0.0,1.0,0.0,0.0,1.0,0.0,0.0,0.0
702,703,23.4,0.98,1,-0.087985,0.259381,-0.961759,-0.229043,0.281733,-0.931754,-0.166,0.278,65.3,9.6,448.9,0.118,0.174,-0.022,0.01,0.03,0.29,0.02,0.58,2.26,0.0,1.65,0.25,0.09,0.5,0.47,0.0,0.0,0.93,0.24,0.26,0.0,0.0,0.0,0.0,0.0,0.0,0.0,1.0,0.0,0.0,0.0,1.0,0.0,0.0,1.0,0.0,0.0,0.0
703,704,23.433,0.98,1,-0.099331,0.244074,-0.964656,-0.220406,0.285996,-0.932538,-0.167,0.272,65.2,9.4,448.7,0.119,0.172,-0.02,0.0,0.0,0.31,0.06,0.6,2.32,0.0,1.55,0.26,0.0,0.42,0.42,0.05,0.0,0.84,0.31,0.27,0.0,0.0,0.0,0.0,0.0,0.0,0.0,1.0,0.0,0.0,0.0,1.0,0.0,0.0,1.0,0.0,0.0,0.0
704,705,23.467,0.98,1,-0.109969,0.256933,-0.960152,-0.212386,0.280429,-0.936083,-0.168,0.276,64.7,9.5,447.8,0.124,0.173,-0.018,0.0,0.0,0.29,0.19,0.7,2.29,0.0,1.55,0.32,0.0,0.28,0.34,0.05,0.0,0.7,0.38,0.11,0.0,0.0,0.0,0.0,0.0,0.0,0.0,1.0,0.0,0.0,0.0,1.0,0.0,0.0,1.0,0.0,0.0,0.0
705,706,23.5,0.98,1,-0.096196,0.259865,-0.960841,-0.204716,0.274547,-0.939529,-0.157,0.274,64.6,9.4,447.7,0.125,0.17,-0.018,0.0,0.0,0.3,0.17,0.71,2.27,0.0,1.37,0.3,0.0,0.05,0.21,0.05,0.0,0.7,0.46,0.11,0.0,0.0,0.0,0.0,0.0,0.0,0.0,1.0,0.0,0.0,0.0,0.0,0.0,0.0,1.0,0.0,0.0,0.0
706,707,23.533,0.98,1,-0.090358,0.252393,-0.963397,-0.20451,0.254554,-0.945187,-0.153,0.26,64.1,9.4,447.4,0.12,0.174,-0.017,0.0,0.0,0.29,0.23,0.7,2.33,0.0,1.4,0.31,0.0,0.16,0.25,0.0,0.0,0.72,0.45,0.04,0.0,0.0,0.0,0.0,0.0,0.0,0.0,1.0,0.0,0.0,0.0,0.0,0.0,0.0,1.0,0.0,0.0,0.0
707,708,23.567,0.98,1,-0.073151,0.262046,-0.962279,-0.214258,0.247791,-0.944824,-0.15,0.261,63.7,9.6,447.3,0.131,0.173,-0.019,0.0,0.0,0.32,0.21,0.65,2.48,0.0,1.3,0.31,0.0,0.24,0.32,0.0,0.0,0.76,0.54,0.01,0.0,0.0,0.0,0.0,0.0,0.0,0.0,1.0,0.0,0.0,0.0,0.0,0.0,0.0,1.0,0.0,0.0,0.0
708,709,23.6,0.98,1,-0.071129,0.259372,-0.963155,-0.215335,0.23964,-0.94668,-0.149,0.256,63.5,9.6,447.7,0.135,0.17,-0.02,0.0,0.0,0.26,0.24,0.66,2.6,0.09,1.38,0.36,0.0,0.34,0.41,0.0,0.0,0.75,0.55,0.01,0.0,0.0,0.0,0.0,0.0,0.0,0.0,1.0,0.0,0.0,0.0,0.0,0.0,0.0,1.0,0.0,0.0,0.0
709,710,23.633,0.98,1,-0.075342,0.246768,-0.966141,-0.211529,0.251928,-0.944345,-0.149,0.255,62.9,9.6,446.4,0.13,0.175,-0.019,0.0,0.0,0.24,0.13,0.64,2.56,0.17,1.39,0.33,0.0,0.34,0.36,0.0,0.0,0.92,0.59,0.01,0.0,0.0,0.0,0.0,0.0,0.0,0.0,1.0,0.0,0.0,0.0,0.0,0.0,0.0,1.0,0.0,0.0,0.0
710,711,23.667,0.98,1,-0.11021,0.246395,-0.962883,-0.219547,0.257536,-0.940996,-0.172,0.259,62.4,9.5,445.0,0.137,0.182,-0.022,0.0,0.0,0.11,0.12,0.62,2.52,0.17,1.38,0.28,0.03,0.26,0.44,0.01,0.02,0.72,0.51,0.03,0.0,0.0,0.0,0.0,0.0,0.0,0.0,1.0,0.0,0.0,0.0,0.0,0.0,0.0,1.0,0.0,0.0,0.0
711,712,23.7,0.98,1,-0.085562,0.250394,-0.964356,-0.230795,0.25051,-0.940201,-0.165,0.257,62.6,8.9,447.5,0.131,0.18,-0.022,0.0,0.0,0.14,0.1,0.61,2.39,0.09,1.29,0.24,0.03,0.16,0.41,0.01,0.11,0.45,0.46,0.03,0.0,0.0,0.0,0.0,0.0,0.0,0.0,1.0,0.0,0.0,0.0,0.0,0.0,0.0,0.0,0.0,0.0,0.0
712,713,23.733,0.98,1,-0.074297,0.252525,-0.964734,-0.23967,0.239625,-0.940818,-0.163,0.253,62.6,8.3,447.5,0.115,0.177,-0.018,0.0,0.0,0.08,0.1,0.57,2.21,0.03,1.27,0.21,0.03,0.0,0.5,0.02,0.16,0.07,0.3,0.03,0.0,0.0,0.0,0.0,0.0,0.0,0.0,1.0,0.0,0.0,0.0,0.0,0.0,0.0,0.0,0.0,0.0,0.0
713,714,23.767,0.98,1,-0.093124,0.23066,-0.968568,-0.22093,0.2414,-0.944942,-0.163,0.242,62.4,7.7,448.4,0.123,0.182,-0.018,0.0,0.0,0.16,0.04,0.56,2.18,0.06,1.31,0.17,0.0,0.0,0.48,0.01,0.14,0.02,0.32,0.0,0.0,0.0,0.0,0.0,0.0,0.0,0.0,1.0,0.0,0.0,0.0,0.0,0.0,0.0,0.0,0.0,0.0,0.0
714,715,23.8,0.98,1,-0.092095,0.258252,-0.961678,-0.260397,0.264731,-0.928499,-0.184,0.27,62.2,7.5,448.1,0.132,0.184,-0.014,0.0,0.02,0.13,0.02,0.57,2.13,0.15,1.33,0.15,0.0,0.05,0.47,0.01,0.05,0.12,0.47,0.0,0.0,0.0,0.0,0.0,0.0,0.0,0.0,1.0,0.0,0.0,0.0,0.0,0.0,0.0,0.0,0.0,0.0,0.0
715,716,23.833,0.98,1,-0.10222,0.254599,-0.961629,-0.265957,0.27155,-0.924947,-0.193,0.272,61.6,7.4,447.0,0.128,0.189,-0.006,0.0,0.12,0.17,0.02,0.51,2.05,0.19,1.24,0.07,0.0,0.27,0.27,0.0,0.0,0.32,0.52,0.0,0.0,0.0,0.0,0.0,0.0,0.0,0.0,1.0,0.0,0.0,0.0,0.0,0.0,0.0,0.0,0.0,0.0,0.0
716,717,23.867,0.98,1,-0.123287,0.252199,-0.95979,-0.255406,0.241687,-0.936138,-0.197,0.255,61.7,6.9,449.1,0.135,0.193,-0.006,0.0,0.12,0.14,0.0,0.48,1.98,0.22,1.18,0.03,0.0,0.42,0.21,0.0,0.0,0.45,0.51,0.0,0.0,0.0,0.0,0.0,0.0,0.0,0.0,1.0,0.0,0.0,0.0,0.0,0.0,0.0,0.0,0.0,0.0,0.0
717,718,23.9,0.98,1,-0.1071,0.259436,-0.959803,-0.263288,0.226723,-0.937697,-0.193,0.251,61.8,6.5,451.6,0.136,0.196,-0.002,0.0,0.1,0.16,0.0,0.37,1.82,0.18,1.11,0.0,0.0,0.45,0.28,0.0,0.0,0.36,0.39,0.0,0.0,0.0,0.0,0.0,0.0,0.0,0.0,1.0,0.0,0.0,0.0,0.0,0.0,0.0,0.0,0.0,0.0,0.0
718,719,23.933,0.98,1,-0.111049,0.257163,-0.959966,-0.26959,0.241534,-0.932192,-0.199,0.258,61.5,6.2,452.4,0.123,0.198,0.008,0.0,0.0,0.18,0.0,0.37,1.87,0.18,1.09,0.0,0.0,0.34,0.4,0.0,0.0,0.15,0.42,0.06,0.0,0.0,0.0,0.0,0.0,0.0,0.0,1.0,0.0,0.0,0.0,0.0,0.0,0.0,0.0,0.0,0.0,0.0
719,720,23.967,0.98,1,-0.114494,0.260832,-0.958571,-0.277564,0.242587,-0.929575,-0.205,0.261,61.6,6.3,451.7,0.125,0.201,0.004,0.0,0.0,0.22,0.0,0.36,1.79,0.12,0.89,0.0,0.0,0.19,0.41,0.0,0.0,0.13,0.32,0.06,0.0,0.0,0.0,0.0,0.0,0.0,0.0,0.0,0.0,0.0,0.0,0.0,0.0,0.0,0.0,0.0,0.0,0.0
720,721,24.0,0.98,1,-0.10645,0.258476,-0.960135,-0.271143,0.257865,-0.927355,-0.197,0.267,61.9,6.3,452.8,0.123,0.194,0.005,0.0,0.04,0.27,0.0,0.38,1.75,0.13,0.72,0.0,0.0,0.11,0.41,0.0,0.0,0.13,0.21,0.06,0.0,0.0,0.0,0.0,0.0,0.0,0.0,0.0,0.0,0.0,0.0,0.0,0.0,0.0,0.0,0.0,0.0,0.0
721,722,24.033,0.98,1,-0.100935,0.261444,-0.959926,-0.27772,0.259707,-0.924891,-0.198,0.27,61.9,6.3,452.6,0.118,0.196,0.003,0.0,0.04,0.22,0.0,0.38,1.69,0.07,0.48,0.0,0.0,0.06,0.43,0.04,0.04,0.13,0.13,0.0,0.0,0.0,0.0,0.0,0.0,0.0,0.0,0.0,0.0,0.0,0.0,0.0,0.0,0.0,0.0,0.0,0.0,0.0
722,723,24.067,0.98,1,-0.107692,0.252256,-0.961649,-0.283386,0.229821,-0.931061,-0.204,0.249,61.9,6.3,452.7,0.115,0.197,0.002,0.0,0.04,0.14,0.0,0.33,1.58,0.07,0.37,0.0,0.0,0.06,0.44,0.07,0.09,0.0,0.08,0.01,0.0,0.0,0.0,0.0,0.0,0.0,0.0,0.0,0.0,0.0,0.0,0.0,0.0,0.0,0.0,0.0,0.0,0.0
723,724,24.1,0.98,1,-0.0883,0.253172,-0.963383,-0.278403,0.236237,-0.930959,-0.191,0.253,62.2,6.1,453.0,0.114,0.195,0.002,0.0,0.0,0.02,0.0,0.29,1.51,0.0,0.38,0.0,0.0,0.05,0.39,0.07,0.09,0.0,0.08,0.05,0.0,0.0,0.0,0.0,0.0,0.0,0.0,0.0,0.0,0.0,0.0,0.0,0.0,0.0,0.0,0.0,0.0,0.0
724,725,24.133,0.98,1,-0.066491,0.239178,-0.968696,-0.225086,0.229362,-0.946958,-0.151,0.24,62.5,6.1,453.4,0.103,0.191,0.008,0.0,0.0,0.02,0.0,0.29,1.4,0.0,0.53,0.05,0.0,0.07,0.42,0.03,0.05,0.0,0.05,0.08,0.0,0.0,0.0,0.0,0.0,0.0,0.0,0.0,0.0,0.0,0.0,0.0,0.0,0.0,0.0,0.0,0.0,0.0
725,726,24.167,0.98,1,-0.065175,0.235036,-0.969799,-0.217845,0.200772,-0.95511,-0.146,0.223,62.8,6.0,453.1,0.11,0.192,0.004,0.0,0.0,0.0,0.0,0.3,1.44,0.0,0.72,0.09,0.0,0.07,0.27,0.0,0.0,0.06,0.05,0.08,0.0,0.0,0.0,0.0,0.0,0.0,0.0,1.0,0.0,0.0,0.0,0.0,0.0,0.0,0.0,0.0,0.0,0.0
726,727,24.2,0.98,1,-0.067022,0.231183,-0.970599,-0.24534,0.203088,-0.947926,-0.161,0.223,63.2,6.2,453.0,0.116,0.19,0.003,0.0,0.0,0.0,0.0,0.39,1.59,0.0,0.89,0.11,0.0,0.18,0.17,0.0,0.0,0.17,0.05,0.08,0.0,0.0,0.0,0.0,0.0,0.0,0.0,1.0,0.0,0.0,0.0,0.0,0.0,0.0,0.0,0.0,0.0,0.0
727,728,24.233,0.98,1,-0.044905,0.242588,-0.96909,-0.238263,0.197879,-0.950828,-0.146,0.226,63.7,6.4,452.7,0.11,0.182,0.006,0.0,0.0,0.0,0.0,0.42,1.86,0.0,1.01,0.11,0.04,0.22,0.07,0.0,0.0,0.21,0.21,0.08,0.0,0.0,0.0,0.0,0.0,0.0,0.0,1.0,0.0,0.0,0.0,0.0,0.0,0.0,0.0,0.0,0.0,0.0
728,729,24.267,0.98,1,-0.062402,0.241618,-0.968363,-0.230098,0.221898,-0.947532,-0.152,0.237,64.0,6.6,452.4,0.122,0.18,0.002,0.0,0.0,0.03,0.0,0.43,1.9,0.0,1.1,0.06,0.04,0.25,0.11,0.0,0.0,0.28,0.35,0.08,0.0,0.0,0.0,0.0,0.0,0.0,0.0,1.0,0.0,0.0,0.0,0.0,0.0,0.0,0.0,0.0,0.0,0.0
729,730,24.3,0.98,1,-0.030813,0.259083,-0.965363,-0.204078,0.212762,-0.955554,-0.122,0.241,64.2,6.8,452.0,0.128,0.174,0.002,0.0,0.0,0.05,0.0,0.37,1.86,0.0,1.19,0.06,0.04,0.3,0.11,0.0,0.0,0.36,0.54,0.07,0.0,0.0,0.0,0.0,0.0,0.0,0.0,1.0,0.0,0.0,0.0,0.0,0.0,0.0,0.0,0.0,0.0,0.0
730,731,24.333,0.98,1,-0.016851,0.255477,-0.966668,-0.234298,0.204048,-0.95051,-0.13,0.235,64.4,7.0,452.3,0.122,0.171,0.002,0.1,0.0,0.09,0.0,0.34,1.78,0.0,1.21,0.1,0.0,0.38,0.07,0.0,0.0,0.55,0.44,0.54,0.0,0.0,0.0,0.0,0.0,0.0,0.0,1.0,0.0,0.0,0.0,0.0,0.0,0.0,0.0,0.0,0.0,1.0
731,732,24.367,0.98,1,-0.066422,0.330481,-0.941472,-0.26083,0.297733,-0.918326,-0.174,0.326,64.9,7.7,456.7,0.126,0.174,0.001,0.47,0.0,0.13,0.0,0.26,1.96,0.0,1.24,0.16,0.0,0.5,0.04,0.05,0.0,0.76,0.45,1.43,0.0,0.0,0.0,0.0,0.0,0.0,0.0,1.0,0.0,0.0,0.0,0.0,0.0,0.0,0.0,0.0,0.0,1.0
732,733,24.4,0.93,1,0.008638,0.369165,-0.929324,-0.261641,0.365915,-0.893113,-0.138,0.383,65.7,8.7,463.4,0.137,0.176,-0.002,0.77,0.0,0.21,0.0,0.23,2.18,0.09,1.39,0.23,0.0,0.34,0.04,0.05,0.0,0.89,0.32,2.21,0.0,0.0,0.0,0.0,0.0,0.0,0.0,1.0,0.0,0.0,0.0,0.0,0.0,0.0,0.0,0.0,0.0,1.0
733,734,24.433,0.98,1,-0.040379,0.355246,-0.9339,-0.261284,0.3572,-0.896738,-0.163,0.371,65.3,8.9,461.0,0.128,0.176,-0.002,0.73,0.0,0.37,0.0,0.22,2.22,0.18,1.45,0.15,0.0,0.36,0.11,0.05,0.0,0.91,0.52,2.24,0.0,0.0,0.0,0.0,0.0,0.0,0.0,1.0,0.0,0.0,0.0,0.0,0.0,0.0,0.0,0.0,0.0,1.0
734,735,24.467,0.98,1,-0.017669,0.362224,-0.931924,-0.281208,0.345503,-0.895293,-0.162,0.37,64.6,8.8,453.7,0.123,0.166,0.004,0.45,0.0,0.56,0.0,0.36,2.22,0.31,1.55,0.11,0.0,0.2,0.15,0.0,0.0,0.83,0.47,1.72,0.0,0.0,0.0,0.0,0.0,0.0,0.0,1.0,0.0,0.0,0.0,0.0,0.0,0.0,0.0,0.0,0.0,1.0
735,736,24.5,0.98,1,-0.025133,0.357334,-0.933638,-0.275638,0.346956,-0.896462,-0.163,0.367,64.6,8.6,452.2,0.123,0.163,0.005,0.26,0.0,0.59,0.0,0.49,2.22,0.29,1.33,0.05,0.0,0.24,0.22,0.0,0.0,0.5,0.41,1.13,0.0,0.0,0.0,0.0,0.0,0.0,0.0,1.0,0.0,0.0,0.0,0.0,0.0,0.0,0.0,0.0,0.0,1.0
736,737,24.533,0.98,1,-0.007789,0.334989,-0.94219,-0.27776,0.313928,-0.907909,-0.153,0.337,65.1,8.2,453.0,0.11,0.156,0.006,0.22,0.09,0.46,0.0,0.56,2.15,0.29,1.2,0.08,0.0,0.16,0.18,0.0,0.0,0.26,0.15,0.82,0.0,0.0,0.0,0.0,0.0,0.0,0.0,1.0,0.0,0.0,0.0,0.0,0.0,0.0,0.0,0.0,0.0,1.0
737,738,24.567,0.98,1,0.005819,0.255659,-0.966749,-0.225424,0.308412,-0.924157,-0.116,0.29,65.6,7.7,453.8,0.11,0.157,0.004,0.19,0.09,0.44,0.0,0.49,2.04,0.17,0.96,0.07,0.0,0.2,0.26,0.0,0.0,0.0,0.08,0.75,0.0,0.0,0.0,0.0,0.0,0.0,0.0,1.0,0.0,0.0,0.0,0.0,0.0,0.0,0.0,0.0,0.0,1.0
738,739,24.6,0.98,1,-0.013619,0.249909,-0.968174,-0.183914,0.284925,-0.940741,-0.103,0.273,66.0,7.6,454.2,0.112,0.154,0.005,0.14,0.09,0.48,0.0,0.42,1.84,0.09,0.94,0.04,0.0,0.15,0.23,0.0,0.0,0.0,0.08,0.75,0.0,0.0,0.0,0.0,0.0,0.0,0.0,1.0,0.0,0.0,0.0,0.0,0.0,0.0,0.0,0.0,0.0,1.0
739,740,24.633,0.98,1,-0.013021,0.246624,-0.969024,-0.209922,0.277748,-0.937437,-0.116,0.268,66.4,7.5,454.6,0.111,0.152,0.008,0.11,0.0,0.47,0.0,0.35,1.87,0.01,1.03,0.02,0.0,0.04,0.26,0.0,0.0,0.0,0.04,0.67,1.0,1.0,0.0,0.0,0.0,0.0,0.0,1.0,0.0,0.0,0.0,0.0,0.0,0.0,0.0,0.0,0.0,1.0
740,741,24.667,0.98,1,-0.033335,0.22979,-0.972669,-0.188844,0.254092,-0.948565,-0.115,0.247,66.6,7.5,453.1,0.106,0.146,0.009,0.3,0.07,0.34,0.0,0.38,1.83,0.0,1.11,0.0,0.0,0.0,0.22,0.0,0.0,0.02,0.09,0.53,1.0,1.0,0.0,0.0,0.0,0.0,0.0,1.0,0.0,0.0,0.0,0.0,0.0,0.0,0.0,0.0,0.0,0.0
741,742,24.7,0.98,1,-0.029513,0.250746,-0.967603,-0.196404,0.256273,-0.94644,-0.117,0.259,67.2,7.9,452.7,0.122,0.133,0.008,0.45,0.21,0.2,0.12,0.32,1.77,0.0,1.14,0.01,0.0,0.0,0.28,0.0,0.0,0.12,0.14,0.44,1.0,1.0,0.0,0.0,0.0,0.0,0.0,1.0,0.0,0.0,0.0,0.0,0.0,0.0,0.0,0.0,0.0,0.0
742,743,24.733,0.98,1,-0.045895,0.245488,-0.968313,-0.200926,0.256451,-0.945443,-0.128,0.257,67.3,8.1,450.5,0.12,0.138,0.002,0.78,0.43,0.19,0.12,0.34,1.71,0.0,1.16,0.08,0.0,0.12,0.22,0.0,0.0,0.28,0.25,0.43,1.0,1.0,0.0,0.0,0.0,0.0,0.0,0.0,0.0,0.0,0.0,0.0,0.0,0.0,0.0,0.0,0.0,0.0
743,744,24.767,0.98,1,-0.041511,0.235723,-0.970933,-0.20439,0.23924,-0.949204,-0.127,0.242,67.4,8.2,450.5,0.122,0.133,0.002,1.09,0.71,0.21,0.27,0.23,1.52,0.0,1.09,0.11,0.03,0.2,0.15,0.0,0.0,0.48,0.32,0.31,1.0,1.0,0.0,0.0,0.0,0.0,0.0,0.0,0.0,0.0,0.0,0.0,0.0,0.0,0.0,0.0,0.0,0.0
744,745,24.8,0.98,1,-0.046631,0.241095,-0.96938,-0.20511,0.244039,-0.947827,-0.131,0.248,67.3,8.2,449.4,0.126,0.132,0.004,1.45,1.0,0.3,0.23,0.21,1.63,0.0,1.07,0.14,0.03,0.29,0.04,0.0,0.0,0.57,0.29,0.25,1.0,1.0,0.0,0.0,0.0,0.0,0.0,0.0,0.0,0.0,0.0,0.0,0.0,0.0,0.0,0.0,0.0,0.0
745,746,24.833,0.98,1,-0.060172,0.227367,-0.971948,-0.200844,0.238329,-0.95019,-0.135,0.238,67.4,8.3,449.2,0.122,0.132,0.005,1.72,1.16,0.32,0.36,0.09,1.52,0.0,0.93,0.08,0.03,0.18,0.08,0.0,0.0,0.44,0.18,0.26,1.0,1.0,0.0,0.0,0.0,0.0,0.0,0.0,0.0,0.0,0.0,0.0,0.0,0.0,0.0,0.0,0.0,0.0
746,747,24.867,0.98,1,-0.064531,0.221377,-0.973051,-0.20707,0.218596,-0.953592,-0.14,0.225,67.6,8.1,449.0,0.116,0.128,0.005,1.85,1.31,0.23,0.41,0.12,1.54,0.0,1.03,0.11,0.0,0.09,0.21,0.0,0.0,0.22,0.02,0.38,1.0,1.0,0.0,0.0,0.0,0.0,0.0,0.0,0.0,0.0,0.0,0.0,0.0,0.0,0.0,0.0,0.0,0.0
747,748,24.9,0.98,1,-0.047557,0.224744,-0.973257,-0.196829,0.235579,-0.951715,-0.126,0.235,67.9,8.1,450.1,0.116,0.128,0.005,1.75,1.21,0.16,0.59,0.16,1.48,0.0,1.04,0.15,0.0,0.0,0.22,0.0,0.0,0.1,0.0,0.5,1.0,1.0,0.0,0.0,0.0,0.0,0.0,0.0,0.0,0.0,0.0,0.0,0.0,0.0,0.0,0.0,0.0,0.0
748,749,24.933,0.98,1,-0.057164,0.230633,-0.97136,-0.200109,0.228307,-0.952802,-0.133,0.234,68.2,8.3,451.0,0.11,0.127,0.006,1.61,1.21,0.13,0.65,0.17,1.68,0.0,1.03,0.15,0.0,0.0,0.2,0.0,0.0,0.06,0.0,0.42,1.0,1.0,0.0,0.0,0.0,0.0,0.0,0.0,0.0,0.0,0.0,0.0,0.0,0.0,0.0,0.0,0.0,0.0
749,750,24.967,0.98,1,-0.062576,0.21995,-0.973502,-0.194127,0.22539,-0.954733,-0.132,0.227,68.4,8.2,451.2,0.113,0.128,0.004,1.35,1.12,0.1,0.52,0.17,1.47,0.0,0.86,0.08,0.0,0.0,0.15,0.0,0.0,0.07,0.01,0.31,1.0,1.0,0.0,0.0,0.0,0.0,0.0,0.0,0.0,0.0,0.0,0.0,0.0,0.0,0.0,0.0,0.0,0.0
750,751,25.0,0.98,1,-0.059188,0.234606,-0.970287,-0.192151,0.229577,-0.954134,-0.13,0.237,68.5,8.2,451.1,0.128,0.135,-0.001,1.19,1.18,0.03,0.39,0.11,1.35,0.0,0.93,0.13,0.0,0.0,0.15,0.0,0.0,0.19,0.01,0.24,1.0,1.0,0.0,0.0,0.0,0.0,0.0,0.0,0.0,0.0,0.0,0.0,0.0,0.0,0.0,0.0,0.0,0.0
751,752,25.033,0.98,1,-0.070804,0.239832,-0.968229,-0.198425,0.245413,-0.948894,-0.14,0.248,68.4,8.5,450.0,0.131,0.128,0.004,1.03,1.01,0.0,0.2,0.1,1.18,0.0,0.95,0.16,0.0,0.0,0.09,0.0,0.0,0.36,0.18,0.41,1.0,1.0,0.0,0.0,0.0,0.0,0.0,0.0,0.0,0.0,0.0,0.0,0.0,0.0,0.0,0.0,0.0,0.0
752,753,25.067,0.98,1,-0.065844,0.250863,-0.965781,-0.20517,0.237341,-0.949513,-0.141,0.25,68.3,8.8,447.0,0.127,0.122,0.005,0.96,0.85,0.07,0.13,0.1,1.33,0.0,1.05,0.18,0.0,0.02,0.0,0.0,0.0,0.53,0.46,0.49,1.0,1.0,0.0,0.0,0.0,0.0,0.0,0.0,0.0,0.0,0.0,0.0,0.0,0.0,0.0,0.0,0.0,0.0
753,754,25.1,0.98,1,-0.05485,0.242155,-0.968686,-0.22179,0.246668,-0.943379,-0.144,0.25,68.5,8.9,445.5,0.131,0.118,0.006,0.88,0.55,0.07,0.0,0.11,1.4,0.0,1.06,0.18,0.0,0.21,0.02,0.0,0.0,0.72,0.98,0.42,1.0,1.0,0.0,0.0,0.0,0.0,0.0,1.0,0.0,0.0,0.0,0.0,0.0,0.0,1.0,1.0,0.0,0.0
754,755,25.133,0.98,1,-0.069746,0.231675,-0.97029,-0.199979,0.249369,-0.947536,-0.14,0.246,68.4,8.9,442.8,0.12,0.115,0.01,0.79,0.43,0.07,0.0,0.15,1.51,0.0,1.04,0.2,0.0,0.29,0.06,0.0,0.0,0.79,1.23,0.31,1.0,1.0,0.0,0.0,0.0,0.0,0.0,1.0,0.0,0.0,0.0,0.0,0.0,0.0,1.0,1.0,0.0,0.0
755,756,25.167,0.98,1,-0.071218,0.219852,-0.97293,-0.202663,0.214536,-0.955459,-0.141,0.222,68.7,8.8,442.7,0.112,0.111,0.012,0.77,0.31,0.02,0.01,0.18,1.78,0.0,1.16,0.3,0.0,0.38,0.14,0.0,0.0,0.91,1.3,0.3,1.0,1.0,0.0,0.0,0.0,0.0,0.0,1.0,0.0,0.0,0.0,0.0,0.0,0.0,1.0,1.0,0.0,0.0
756,757,25.2,0.98,1,-0.067212,0.225131,-0.972007,-0.202851,0.229663,-0.951896,-0.139,0.232,68.8,8.9,441.5,0.113,0.11,0.012,0.91,0.41,0.06,0.01,0.2,1.97,0.0,1.12,0.33,0.0,0.39,0.23,0.0,0.0,0.82,1.2,0.28,1.0,1.0,0.0,0.0,0.0,0.0,0.0,1.0,0.0,0.0,0.0,0.0,0.0,0.0,1.0,1.0,0.0,0.0
757,758,25.233,0.98,1,-0.068779,0.220127,-0.973044,-0.198913,0.235787,-0.95123,-0.138,0.233,68.5,9.1,440.5,0.104,0.113,0.016,0.98,0.37,0.13,0.01,0.25,2.05,0.0,1.26,0.39,0.0,0.44,0.36,0.0,0.0,0.69,1.22,0.21,1.0,1.0,0.0,0.0,0.0,0.0,0.0,1.0,0.0,0.0,0.0,0.0,0.0,0.0,1.0,1.0,0.0,0.0
758,759,25.267,0.98,1,-0.071275,0.215688,-0.973858,-0.197602,0.232453,-0.952323,-0.139,0.229,68.5,9.0,440.0,0.095,0.11,0.019,0.95,0.39,0.22,0.0,0.33,2.18,0.0,1.28,0.46,0.0,0.4,0.46,0.0,0.0,0.56,1.29,0.21,1.0,1.0,0.0,0.0,0.0,0.0,0.0,1.0,0.0,0.0,1.0,0.0,0.0,0.0,0.0,1.0,0.0,0.0
759,760,25.3,0.98,1,-0.077919,0.220578,-0.972252,-0.194436,0.223788,-0.955046,-0.14,0.227,68.5,9.2,440.5,0.099,0.116,0.02,0.83,0.35,0.18,0.0,0.37,2.23,0.0,1.3,0.48,0.0,0.22,0.51,0.0,0.02,0.35,1.27,0.35,1.0,1.0,0.0,0.0,0.0,0.0,0.0,1.0,0.0,0.0,1.0,1.0,0.0,0.0,0.0,1.0,0.0,0.0
760,761,25.333,0.98,1,-0.068771,0.228386,-0.971139,-0.172745,0.221207,-0.959805,-0.124,0.229,68.4,9.5,439.7,0.101,0.112,0.017,0.76,0.4,0.13,0.0,0.35,2.26,0.0,1.37,0.57,0.0,0.11,0.86,0.0,0.21,0.22,1.2,0.49,1.0,1.0,0.0,0.0,0.0,0.0,0.0,1.0,0.0,0.0,1.0,1.0,0.0,0.0,0.0,1.0,0.0,0.0
761,762,25.367,0.98,1,-0.078656,0.228236,-0.970423,-0.17918,0.218408,-0.959266,-0.133,0.227,68.4,9.5,439.2,0.095,0.111,0.016,0.69,0.46,0.07,0.0,0.33,1.95,0.0,1.3,0.52,0.0,0.05,0.96,0.07,0.38,0.06,0.78,0.66,1.0,1.0,0.0,0.0,0.0,0.0,0.0,1.0,0.0,0.0,1.0,1.0,0.0,0.0,0.0,1.0,0.0,0.0
762,763,25.4,0.98,1,-0.075246,0.2346,-0.969175,-0.184577,0.235802,-0.954112,-0.134,0.24,68.4,10.0,440.5,0.112,0.114,0.015,0.59,0.48,0.07,0.0,0.4,1.86,0.0,1.35,0.56,0.0,0.02,1.03,0.07,0.54,0.0,0.49,0.69,1.0,1.0,0.0,0.0,0.0,0.0,0.0,1.0,0.0,0.0,1.0,1.0,0.0,0.0,0.0,0.0,0.0,0.0
763,764,25.433,0.98,1,-0.073916,0.231574,-0.970005,-0.188701,0.238039,-0.952748,-0.136,0.24,68.7,10.8,441.8,0.124,0.118,0.012,0.58,0.71,0.05,0.07,0.44,1.72,0.0,1.31,0.55,0.12,0.0,0.66,0.07,0.51,0.0,0.22,0.62,1.0,1.0,0.0,0.0,0.0,0.0,0.0,1.0,0.0,0.0,0.0,1.0,0.0,0.0,0.0,0.0,0.0,0.0
764,765,25.467,0.98,1,-0.056903,0.260566,-0.963778,-0.168946,0.229146,-0.958618,-0.117,0.249,68.4,11.5,441.2,0.137,0.125,0.011,0.62,0.83,0.08,0.07,0.41,1.77,0.0,1.43,0.59,0.19,0.0,0.58,0.0,0.53,0.0,0.3,0.69,1.0,1.0,0.0,0.0,0.0,0.0,0.0,1.0,0.0,0.0,0.0,1.0,0.0,0.0,0.0,0.0,0.0,0.0
765,766,25.5,0.98,1,-0.06972,0.260703,-0.962898,-0.190761,0.249033,-0.949522,-0.135,0.26,68.7,11.8,442.0,0.146,0.128,0.005,0.65,0.93,0.08,0.12,0.32,1.69,0.0,1.39,0.5,0.2,0.0,0.45,0.0,0.47,0.0,0.25,0.79,1.0,1.0,0.0,0.0,0.0,0.0,0.0,0.0,0.0,0.0,0.0,1.0,0.0,0.0,0.0,0.0,0.0,0.0
766,767,25.533,0.98,1,-0.061634,0.256953,-0.964457,-0.175711,0.268621,-0.947084,-0.124,0.268,68.9,12.5,443.3,0.154,0.131,0.003,0.62,1.0,0.08,0.05,0.23,1.78,0.0,1.42,0.34,0.08,0.0,0.48,0.01,0.42,0.0,0.31,0.94,1.0,1.0,0.0,0.0,0.0,0.0,0.0,0.0,0.0,0.0,0.0,1.0,0.0,0.0,0.0,0.0,0.0,0.0
767,768,25.567,0.98,1,-0.077946,0.259695,-0.96254,-0.177986,0.231082,-0.956516,-0.133,0.25,68.8,13.1,441.5,0.15,0.126,0.003,0.67,0.98,0.11,0.18,0.18,1.74,0.0,1.35,0.16,0.02,0.0,0.49,0.06,0.29,0.0,0.21,0.93,1.0,1.0,0.0,0.0,0.0,0.0,0.0,0.0,0.0,0.0,0.0,1.0,0.0,0.0,0.0,0.0,0.0,0.0
768,769,25.6,0.98,1,-0.083558,0.271157,-0.958902,-0.183389,0.256938,-0.948868,-0.139,0.27,68.5,14.0,440.9,0.17,0.13,-0.0,0.7,0.91,0.11,0.17,0.08,1.7,0.0,1.28,0.04,0.0,0.0,0.57,0.06,0.25,0.0,0.22,0.8,1.0,1.0,0.0,0.0,0.0,0.0,0.0,0.0,0.0,0.0,0.0,1.0,0.0,0.0,0.0,0.0,0.0,0.0
769,770,25.633,0.98,1,-0.081046,0.276764,-0.957514,-0.199873,0.270937,-0.941618,-0.147,0.281,68.1,14.6,438.5,0.169,0.135,-0.0,0.75,0.76,0.11,0.17,0.05,1.73,0.0,1.31,0.01,0.0,0.0,0.56,0.05,0.22,0.0,0.07,0.72,1.0,1.0,0.0,0.0,0.0,0.0,0.0,0.0,0.0,0.0,0.0,1.0,0.0,0.0,0.0,0.0,0.0,0.0
770,771,25.667,0.98,1,-0.076159,0.267413,-0.960568,-0.207537,0.262501,-0.942349,-0.148,0.272,68.1,14.8,438.8,0.165,0.134,-0.0,0.69,0.69,0.0,0.11,0.01,1.9,0.0,1.34,0.01,0.0,0.0,0.35,0.0,0.17,0.0,0.07,0.7,1.0,1.0,0.0,0.0,0.0,0.0,0.0,0.0,0.0,0.0,0.0,1.0,0.0,0.0,0.0,0.0,0.0,0.0
771,772,25.7,0.98,1,-0.083299,0.260862,-0.961776,-0.200626,0.288271,-0.936295,-0.148,0.282,68.1,14.9,438.1,0.174,0.136,-0.004,0.76,0.77,0.0,0.07,0.04,2.09,0.0,1.33,0.0,0.05,0.0,0.3,0.0,0.1,0.0,0.0,0.65,1.0,1.0,0.0,0.0,0.0,0.0,0.0,0.0,0.0,0.0,0.0,0.0,0.0,0.0,0.0,0.0,0.0,0.0
772,773,25.733,0.98,1,-0.081916,0.258906,-0.962423,-0.21019,0.262073,-0.94188,-0.152,0.267,68.2,14.9,439.0,0.162,0.135,0.001,0.77,0.84,0.01,0.07,0.09,1.99,0.0,1.28,0.01,0.05,0.0,0.24,0.02,0.06,0.0,0.0,0.47,1.0,1.0,0.0,0.0,0.0,0.0,0.0,0.0,0.0,0.0,0.0,0.0,0.0,0.0,0.0,0.0,0.0,0.0
773,774,25.767,0.98,1,-0.068936,0.25211,-0.96524,-0.210729,0.254579,-0.943813,-0.145,0.259,68.3,15.2,438.6,0.157,0.134,-0.0,0.74,0.84,0.1,0.03,0.15,1.85,0.0,1.26,0.05,0.05,0.0,0.32,0.11,0.05,0.0,0.02,0.44,1.0,1.0,0.0,0.0,0.0,0.0,0.0,0.0,0.0,0.0,0.0,0.0,0.0,0.0,0.0,0.0,0.0,0.0
774,775,25.8,0.98,1,-0.072345,0.256857,-0.963738,-0.209699,0.263673,-0.941543,-0.147,0.267,67.8,15.8,437.4,0.166,0.142,0.0,0.58,0.85,0.1,0.03,0.22,1.75,0.0,1.27,0.14,0.0,0.0,0.25,0.11,0.04,0.11,0.21,0.46,1.0,1.0,0.0,0.0,0.0,0.0,0.0,1.0,0.0,0.0,0.0,0.0,0.0,0.0,0.0,0.0,0.0,0.0
775,776,25.833,0.98,1,-0.076141,0.25976,-0.962667,-0.207274,0.264692,-0.941794,-0.148,0.269,67.5,16.3,436.9,0.156,0.147,0.001,0.4,0.64,0.1,0.03,0.3,1.69,0.0,1.24,0.22,0.0,0.0,0.24,0.09,0.01,0.11,0.37,0.74,1.0,1.0,0.0,0.0,0.0,0.0,0.0,1.0,0.0,0.0,0.0,0.0,0.0,0.0,0.0,0.0,0.0,0.0
776,777,25.867,0.98,1,-0.099344,0.259438,-0.960636,-0.20817,0.255075,-0.944247,-0.16,0.264,67.4,16.4,437.5,0.153,0.153,0.003,0.43,0.57,0.24,0.0,0.35,1.81,0.0,1.11,0.27,0.12,0.0,0.43,0.15,0.08,0.11,0.38,0.73,1.0,1.0,0.0,0.0,0.0,0.0,0.0,1.0,0.0,0.0,0.0,0.0,0.0,0.0,0.0,0.0,0.0,0.0
777,778,25.9,0.98,1,-0.076628,0.272492,-0.959102,-0.215233,0.257313,-0.942053,-0.152,0.272,67.4,16.6,438.8,0.158,0.16,0.005,0.35,0.33,0.24,0.0,0.35,1.71,0.0,1.19,0.3,0.18,0.0,0.66,0.3,0.19,0.0,0.2,0.76,1.0,1.0,0.0,0.0,0.0,0.0,0.0,1.0,0.0,0.0,0.0,0.0,0.0,0.0,0.0,0.0,0.0,0.0
778,779,25.933,0.98,1,-0.071493,0.278322,-0.957823,-0.213745,0.261487,-0.941243,-0.149,0.277,67.3,16.9,439.6,0.161,0.159,0.005,0.28,0.32,0.22,0.07,0.35,1.61,0.0,1.33,0.35,0.18,0.0,0.72,0.3,0.23,0.07,0.26,0.67,1.0,1.0,0.0,0.0,0.0,0.0,0.0,1.0,0.0,0.0,0.0,0.0,0.0,0.0,0.0,0.0,0.0,0.0
779,780,25.967,0.98,1,-0.084954,0.261971,-0.961329,-0.230315,0.273846,-0.93379,-0.165,0.276,67.1,17.4,437.6,0.162,0.156,0.003,0.14,0.3,0.06,0.13,0.34,1.57,0.0,1.49,0.32,0.06,0.0,0.52,0.15,0.16,0.19,0.39,0.58,1.0,1.0,0.0,0.0,0.0,0.0,0.0,1.0,0.0,0.0,0.0,0.0,0.0,0.0,0.0,0.0,0.0,0.0
780,781,26.0,0.98,1,-0.090499,0.267986,-0.959163,-0.235289,0.260428,-0.936385,-0.17,0.272,67.1,17.5,438.1,0.166,0.16,0.005,0.14,0.42,0.07,0.21,0.4,1.52,0.0,1.63,0.37,0.0,0.0,0.42,0.12,0.09,0.27,0.47,0.64,1.0,1.0,0.0,0.0,0.0,0.0,0.0,1.0,0.0,0.0,0.0,0.0,0.0,0.0,0.0,0.0,0.0,0.0
781,782,26.033,0.98,1,-0.087556,0.272744,-0.958094,-0.237815,0.255052,-0.937226,-0.17,0.272,67.0,17.3,438.8,0.16,0.161,0.006,0.15,0.51,0.16,0.15,0.44,1.78,0.0,1.67,0.39,0.0,0.0,0.49,0.12,0.11,0.2,0.25,0.72,1.0,1.0,0.0,0.0,0.0,0.0,0.0,1.0,0.0,0.0,0.0,0.0,0.0,0.0,0.0,0.0,0.0,0.0
782,783,26.067,0.98,1,-0.104116,0.257908,-0.960543,-0.235524,0.257396,-0.937164,-0.177,0.265,67.2,16.5,442.7,0.156,0.168,0.008,0.26,0.67,0.29,0.09,0.44,1.65,0.0,1.7,0.42,0.01,0.0,0.48,0.12,0.11,0.08,0.08,0.81,1.0,1.0,0.0,0.0,0.0,0.0,0.0,1.0,0.0,0.0,0.0,0.0,0.0,0.0,0.0,0.0,0.0,0.0
783,784,26.1,0.98,1,-0.104668,0.254372,-0.961426,-0.233684,0.245409,-0.940833,-0.176,0.257,66.8,15.9,442.1,0.162,0.171,0.004,0.27,0.59,0.37,0.01,0.41,1.74,0.0,1.59,0.41,0.01,0.0,0.39,0.03,0.06,0.0,0.0,0.75,1.0,1.0,0.0,0.0,0.0,0.0,0.0,1.0,0.0,0.0,0.0,0.0,0.0,0.0,0.0,0.0,0.0,0.0
784,785,26.133,0.98,1,-0.117083,0.262782,-0.957725,-0.249495,0.256582,-0.933766,-0.191,0.268,66.6,16.0,440.3,0.166,0.168,0.001,0.26,0.4,0.29,0.05,0.34,1.46,0.0,1.56,0.42,0.01,0.0,0.21,0.03,0.0,0.05,0.01,0.73,1.0,1.0,0.0,0.0,0.0,0.0,0.0,1.0,0.0,0.0,0.0,0.0,0.0,0.0,0.0,0.0,0.0,0.0
785,786,26.167,0.98,1,-0.116374,0.256991,-0.959382,-0.2463,0.258241,-0.934156,-0.189,0.266,66.6,16.0,439.8,0.17,0.163,-0.001,0.11,0.16,0.1,0.05,0.32,1.53,0.0,1.43,0.43,0.0,0.0,0.12,0.03,0.0,0.12,0.02,0.69,1.0,1.0,0.0,0.0,0.0,0.0,0.0,1.0,0.0,0.0,0.0,0.0,0.0,0.0,0.0,0.0,0.0,0.0
786,787,26.2,0.98,1,-0.109438,0.265878,-0.957775,-0.247919,0.261588,-0.932796,-0.187,0.272,66.5,15.6,441.1,0.164,0.166,-0.002,0.1,0.08,0.0,0.04,0.33,1.53,0.0,1.46,0.44,0.0,0.07,0.05,0.0,0.0,0.31,0.08,0.75,1.0,1.0,0.0,0.0,0.0,0.0,0.0,1.0,0.0,0.0,0.0,0.0,0.0,0.0,0.0,0.0,0.0,0.0
787,788,26.233,0.98,1,-0.123132,0.25946,-0.957872,-0.248164,0.26751,-0.931049,-0.194,0.272,66.5,15.3,442.2,0.158,0.166,-0.003,0.1,0.08,0.0,0.0,0.32,1.62,0.0,1.45,0.4,0.0,0.07,0.04,0.0,0.0,0.38,0.07,0.62,1.0,1.0,0.0,0.0,0.0,0.0,0.0,1.0,0.0,0.0,0.0,0.0,0.0,0.0,0.0,0.0,0.0,0.0
788,789,26.267,0.98,1,-0.111158,0.259091,-0.959435,-0.24597,0.261746,-0.933267,-0.186,0.269,66.4,15.1,442.5,0.153,0.165,-0.001,0.05,0.01,0.0,0.0,0.33,1.45,0.0,1.63,0.45,0.0,0.07,0.03,0.0,0.0,0.31,0.06,0.55,1.0,1.0,0.0,0.0,0.0,0.0,0.0,1.0,0.0,0.0,0.0,0.0,0.0,0.0,0.0,0.0,0.0,0.0
789,790,26.3,0.98,1,-0.098851,0.270466,-0.957641,-0.255377,0.257574,-0.9319,-0.185,0.273,66.2,14.6,443.3,0.155,0.166,-0.004,0.05,0.05,0.06,0.0,0.27,1.35,0.0,1.72,0.44,0.0,0.0,0.08,0.0,0.0,0.15,0.0,0.52,1.0,1.0,0.0,0.0,0.0,0.0,0.0,1.0,0.0,0.0,0.0,0.0,0.0,0.0,0.0,0.0,0.0,0.0
790,791,26.333,0.98,1,-0.108522,0.25241,-0.961516,-0.266356,0.270025,-0.925279,-0.196,0.27,66.1,14.4,443.5,0.152,0.165,-0.005,0.05,0.05,0.06,0.0,0.24,1.25,0.0,1.72,0.44,0.0,0.0,0.1,0.0,0.0,0.06,0.0,0.61,1.0,1.0,0.0,0.0,0.0,0.0,0.0,1.0,0.0,0.0,0.0,0.0,0.0,0.0,0.0,0.0,0.0,0.0
791,792,26.367,0.98,1,-0.110751,0.245704,-0.962997,-0.247854,0.247471,-0.936657,-0.187,0.254,66.2,14.2,445.1,0.149,0.168,-0.005,0.08,0.16,0.09,0.0,0.21,1.25,0.0,1.69,0.37,0.0,0.0,0.13,0.0,0.0,0.1,0.0,0.73,1.0,1.0,0.0,0.0,0.0,0.0,0.0,1.0,0.0,0.0,0.0,0.0,0.0,0.0,0.0,0.0,0.0,0.0
792,793,26.4,0.98,1,-0.112253,0.240054,-0.964248,-0.265963,0.244664,-0.932418,-0.197,0.25,66.1,13.8,446.8,0.154,0.172,-0.005,0.12,0.19,0.08,0.0,0.26,1.33,0.0,1.57,0.31,0.0,0.0,0.09,0.0,0.0,0.14,0.0,0.72,1.0,1.0,0.0,0.0,0.0,0.0,0.0,1.0,0.0,0.0,0.0,0.0,0.0,0.0,0.0,0.0,0.0,0.0
793,794,26.433,0.98,1,-0.106487,0.243523,-0.964032,-0.259221,0.259832,-0.93021,-0.191,0.26,66.0,13.4,447.2,0.158,0.174,-0.008,0.19,0.24,0.14,0.0,0.27,1.52,0.0,1.46,0.2,0.0,0.17,0.09,0.0,0.0,0.16,0.0,0.55,1.0,1.0,0.0,0.0,0.0,0.0,0.0,1.0,0.0,0.0,0.0,0.0,0.0,0.0,0.0,0.0,0.0,0.0
794,795,26.467,0.98,1,-0.098851,0.249248,-0.963381,-0.264529,0.246483,-0.932347,-0.189,0.256,65.3,13.2,447.7,0.153,0.184,-0.007,0.22,0.28,0.12,0.0,0.23,1.61,0.0,1.32,0.16,0.0,0.17,0.08,0.0,0.0,0.12,0.0,0.37,1.0,1.0,0.0,0.0,0.0,0.0,0.0,1.0,0.0,0.0,0.0,0.0,0.0,0.0,0.0,0.0,0.0,0.0
795,796,26.5,0.98,1,-0.107207,0.261547,-0.959218,-0.284087,0.25897,-0.923163,-0.205,0.27,65.0,12.9,448.1,0.16,0.187,-0.01,0.29,0.24,0.21,0.0,0.22,1.7,0.0,1.3,0.12,0.0,0.17,0.08,0.0,0.0,0.11,0.0,0.24,0.0,1.0,0.0,0.0,0.0,0.0,0.0,1.0,0.0,0.0,0.0,0.0,0.0,0.0,0.0,0.0,0.0,0.0
796,797,26.533,0.98,1,-0.108429,0.257554,-0.960161,-0.277935,0.272534,-0.921128,-0.203,0.275,64.9,12.8,449.0,0.167,0.186,-0.01,0.24,0.2,0.15,0.0,0.2,1.64,0.0,1.36,0.17,0.0,0.0,0.02,0.0,0.0,0.07,0.0,0.18,0.0,1.0,0.0,0.0,0.0,0.0,0.0,1.0,0.0,0.0,0.0,0.0,0.0,0.0,0.0,0.0,0.0,0.0
797,798,26.567,0.98,1,-0.105291,0.261632,-0.959408,-0.273197,0.256255,-0.927198,-0.198,0.268,64.8,12.6,449.5,0.158,0.188,-0.01,0.26,0.09,0.16,0.0,0.23,1.5,0.0,1.4,0.2,0.0,0.0,0.0,0.0,0.0,0.07,0.0,0.11,0.0,1.0,0.0,0.0,0.0,0.0,0.0,1.0,0.0,0.0,0.0,0.0,0.0,0.0,0.0,0.0,0.0,0.0
798,799,26.6,0.98,1,-0.095795,0.265436,-0.959358,-0.271603,0.247933,-0.929925,-0.192,0.265,64.7,12.3,449.9,0.155,0.185,-0.014,0.29,0.1,0.21,0.0,0.23,1.52,0.0,1.41,0.21,0.0,0.0,0.0,0.0,0.0,0.01,0.0,0.1,0.0,1.0,0.0,0.0,0.0,0.0,0.0,1.0,0.0,0.0,0.0,0.0,0.0,0.0,0.0,0.0,0.0,0.0
799,800,26.633,0.98,1,-0.100572,0.27032,-0.957503,-0.276139,0.263646,-0.92425,-0.198,0.276,64.6,12.0,449.9,0.155,0.186,-0.012,0.31,0.12,0.21,0.0,0.23,1.31,0.0,1.32,0.17,0.0,0.0,0.0,0.0,0.0,0.08,0.0,0.08,0.0,1.0,0.0,0.0,0.0,0.0,0.0,1.0,0.0,0.0,0.0,0.0,0.0,0.0,0.0,0.0,0.0,0.0
800,801,26.667,0.98,1,-0.104044,0.251808,-0.962168,-0.259392,0.259968,-0.930125,-0.19,0.264,64.5,11.7,449.5,0.145,0.181,-0.012,0.23,0.11,0.26,0.0,0.23,1.32,0.0,1.12,0.17,0.0,0.0,0.0,0.0,0.0,0.08,0.0,0.21,0.0,1.0,0.0,0.0,0.0,0.0,0.0,1.0,0.0,0.0,0.0,0.0,0.0,0.0,0.0,0.0,0.0,0.0
801,802,26.7,0.98,1,-0.127663,0.239545,-0.962455,-0.25368,0.25708,-0.9325,-0.199,0.256,64.4,11.4,450.0,0.148,0.182,-0.015,0.15,0.13,0.19,0.0,0.2,1.24,0.0,0.99,0.16,0.0,0.0,0.0,0.0,0.0,0.18,0.05,0.26,0.0,1.0,0.0,0.0,0.0,0.0,0.0,1.0,0.0,0.0,0.0,0.0,0.0,0.0,0.0,0.0,0.0,0.0
802,803,26.733,0.98,1,-0.124709,0.257979,-0.958068,-0.279976,0.26144,-0.923722,-0.212,0.269,64.1,11.1,450.4,0.153,0.187,-0.015,0.21,0.13,0.23,0.0,0.21,1.32,0.0,0.91,0.18,0.0,0.0,0.0,0.0,0.0,0.16,0.05,0.29,0.0,1.0,0.0,0.0,0.0,0.0,0.0,1.0,0.0,0.0,0.0,0.0,0.0,0.0,0.0,0.0,0.0,0.0
803,804,26.767,0.98,1,-0.120513,0.254441,-0.95955,-0.271004,0.247942,-0.930098,-0.204,0.26,63.8,10.9,450.0,0.139,0.184,-0.009,0.3,0.26,0.2,0.0,0.17,1.31,0.0,0.84,0.14,0.0,0.0,0.03,0.0,0.01,0.16,0.05,0.15,0.0,1.0,0.0,0.0,0.0,0.0,0.0,1.0,0.0,0.0,0.0,0.0,0.0,0.0,0.0,0.0,0.0,0.0
804,805,26.8,0.98,1,-0.118018,0.260499,-0.958234,-0.266327,0.250522,-0.930757,-0.201,0.264,63.6,10.7,450.9,0.144,0.184,-0.01,0.39,0.37,0.18,0.0,0.1,1.1,0.0,0.71,0.1,0.0,0.0,0.03,0.0,0.01,0.06,0.0,0.04,0.0,1.0,0.0,0.0,0.0,0.0,0.0,0.0,0.0,0.0,0.0,0.0,0.0,0.0,0.0,0.0,0.0,0.0
805,806,26.833,0.98,1,-0.111664,0.256863,-0.959975,-0.279582,0.254725,-0.925715,-0.205,0.265,63.8,10.1,451.2,0.131,0.178,-0.01,0.41,0.46,0.17,0.0,0.04,1.11,0.0,0.52,0.04,0.0,0.0,0.07,0.0,0.01,0.01,0.0,0.0,0.0,1.0,0.0,0.0,0.0,0.0,0.0,0.0,0.0,0.0,0.0,0.0,0.0,0.0,0.0,0.0,0.0,0.0
806,807,26.867,0.98,1,-0.117655,0.239182,-0.96382,-0.265213,0.236102,-0.934836,-0.199,0.245,63.9,9.3,450.2,0.117,0.177,-0.012,0.5,0.54,0.17,0.0,0.04,1.28,0.0,0.56,0.04,0.0,0.0,0.06,0.0,0.0,0.01,0.0,0.0,0.0,1.0,0.0,0.0,0.0,0.0,0.0,0.0,0.0,0.0,0.0,0.0,0.0,0.0,0.0,0.0,0.0,0.0
807,808,26.9,0.98,1,-0.113238,0.220245,-0.968849,-0.271662,0.225413,-0.935622,-0.199,0.23,64.0,8.4,451.2,0.117,0.185,-0.014,0.54,0.4,0.09,0.0,0.01,1.44,0.0,0.53,0.02,0.0,0.0,0.08,0.0,0.0,0.0,0.0,0.06,0.0,1.0,0.0,0.0,0.0,0.0,0.0,0.0,0.0,0.0,0.0,0.0,0.0,0.0,0.0,0.0,0.0,0.0
808,809,26.933,0.98,1,-0.12049,0.242077,-0.962746,-0.26327,0.24298,-0.933622,-0.2,0.25,64.2,7.8,450.3,0.116,0.179,-0.017,0.54,0.33,0.11,0.0,0.11,1.55,0.0,0.73,0.03,0.0,0.0,0.1,0.0,0.0,0.0,0.0,0.06,0.0,0.0,0.0,0.0,0.0,0.0,0.0,0.0,0.0,0.0,0.0,0.0,0.0,0.0,0.0,0.0,0.0,0.0
809,810,26.967,0.98,1,-0.108447,0.220689,-0.969296,-0.302243,0.216891,-0.928228,-0.213,0.227,64.2,7.1,449.9,0.096,0.17,-0.014,0.49,0.19,0.12,0.0,0.17,1.66,0.0,0.67,0.06,0.0,0.0,0.13,0.0,0.0,0.0,0.0,0.17,0.0,0.0,0.0,0.0,0.0,0.0,0.0,0.0,0.0,0.0,0.0,0.0,0.0,0.0,0.0,0.0,0.0,0.0
810,811,27.0,0.98,1,-0.100121,0.219188,-0.970532,-0.277121,0.222606,-0.934693,-0.195,0.228,64.4,6.7,449.8,0.103,0.176,-0.022,0.53,0.3,0.18,0.0,0.23,1.63,0.0,0.66,0.06,0.0,0.0,0.23,0.0,0.0,0.0,0.0,0.11,1.0,0.0,0.0,0.0,0.0,0.0,0.0,0.0,0.0,0.0,0.0,0.0,0.0,0.0,0.0,0.0,0.0,0.0
811,812,27.033,0.98,1,-0.106246,0.23246,-0.966785,-0.287398,0.23656,-0.928139,-0.205,0.243,64.3,6.7,449.6,0.105,0.178,-0.024,0.58,0.38,0.14,0.0,0.16,1.47,0.0,0.67,0.12,0.0,0.0,0.2,0.0,0.0,0.0,0.0,0.15,1.0,0.0,0.0,0.0,0.0,0.0,0.0,0.0,0.0,0.0,0.0,0.0,0.0,0.0,0.0,0.0,0.0,0.0
812,813,27.067,0.98,1,-0.108373,0.224421,-0.968447,-0.273393,0.208619,-0.939007,-0.198,0.223,64.4,6.9,450.7,0.107,0.174,-0.022,0.63,0.37,0.17,0.0,0.15,1.26,0.0,0.73,0.16,0.0,0.04,0.29,0.0,0.0,0.0,0.0,0.04,1.0,0.0,0.0,0.0,0.0,0.0,0.0,0.0,0.0,0.0,0.0,0.0,0.0,0.0,0.0,0.0,0.0,0.0
813,814,27.1,0.98,1,-0.112512,0.235916,-0.965238,-0.281608,0.22004,-0.933959,-0.205,0.236,64.4,6.9,450.0,0.111,0.175,-0.029,0.76,0.47,0.21,0.0,0.13,1.35,0.0,0.89,0.25,0.0,0.04,0.22,0.0,0.0,0.0,0.0,0.11,1.0,1.0,0.0,0.0,0.0,0.0,0.0,0.0,0.0,0.0,0.0,0.0,0.0,0.0,0.0,0.0,0.0,0.0
814,815,27.133,0.98,1,-0.111325,0.254612,-0.960614,-0.265596,0.246334,-0.932083,-0.197,0.259,64.9,7.3,452.9,0.112,0.175,-0.033,1.08,0.72,0.37,0.0,0.1,1.33,0.0,0.96,0.3,0.0,0.14,0.19,0.0,0.0,0.01,0.0,0.77,1.0,1.0,0.0,0.0,0.0,0.0,0.0,0.0,0.0,0.0,0.0,0.0,0.0,0.0,0.0,0.0,0.0,1.0
815,816,27.167,0.98,1,-0.008159,0.354967,-0.934843,-0.284992,0.352402,-0.891399,-0.159,0.37,66.0,8.1,459.2,0.104,0.164,-0.031,1.28,1.09,0.47,0.0,0.04,1.51,0.0,1.08,0.36,0.0,0.11,0.08,0.0,0.0,0.09,0.0,1.48,1.0,1.0,0.0,0.0,0.0,0.0,0.0,0.0,0.0,0.0,0.0,0.0,0.0,0.0,0.0,0.0,0.0,1.0
816,817,27.2,0.98,1,-0.008424,0.352046,-0.935945,-0.28192,0.351303,-0.892808,-0.157,0.367,66.3,8.0,459.3,0.103,0.164,-0.033,1.26,1.14,0.59,0.0,0.06,1.64,0.0,1.05,0.41,0.0,0.11,0.1,0.0,0.0,0.09,0.0,1.98,1.0,1.0,0.0,0.0,0.0,0.0,0.0,0.0,0.0,0.0,0.0,0.0,0.0,0.0,0.0,0.0,0.0,1.0
817,818,27.233,0.98,1,-0.017395,0.334277,-0.942315,-0.29501,0.33513,-0.894794,-0.168,0.349,65.9,7.7,455.6,0.112,0.16,-0.036,1.08,0.93,0.67,0.0,0.12,1.9,0.0,1.02,0.34,0.0,0.01,0.1,0.0,0.0,0.08,0.0,1.55,1.0,1.0,0.0,0.0,0.0,0.0,0.0,0.0,0.0,0.0,0.0,0.0,0.0,0.0,0.0,0.0,0.0,1.0
818,819,27.267,0.98,1,-0.011125,0.294625,-0.955548,-0.263312,0.303031,-0.915882,-0.146,0.309,65.9,7.3,452.9,0.098,0.152,-0.038,0.99,0.67,0.59,0.0,0.13,1.87,0.0,1.04,0.34,0.0,0.05,0.07,0.0,0.0,0.08,0.0,0.99,1.0,1.0,0.0,0.0,0.0,0.0,0.0,0.0,0.0,0.0,0.0,0.0,0.0,0.0,0.0,0.0,0.0,1.0
819,820,27.3,0.98,1,-0.080419,0.258424,-0.962679,-0.267602,0.269003,-0.925217,-0.182,0.272,65.9,6.9,452.6,0.105,0.15,-0.041,0.88,0.57,0.51,0.0,0.15,1.73,0.0,1.02,0.34,0.0,0.05,0.0,0.05,0.0,0.21,0.0,0.55,1.0,1.0,0.0,0.0,0.0,0.0,0.0,0.0,0.0,0.0,0.0,0.0,0.0,0.0,0.0,0.0,0.0,1.0
820,821,27.333,0.98,1,-0.059453,0.248557,-0.966791,-0.25928,0.231207,-0.937719,-0.166,0.247,66.1,6.3,453.2,0.103,0.152,-0.042,0.66,0.45,0.42,0.0,0.16,1.68,0.0,1.06,0.37,0.0,0.09,0.0,0.05,0.0,0.25,0.0,0.51,1.0,0.0,0.0,0.0,0.0,0.0,0.0,0.0,0.0,0.0,0.0,0.0,0.0,0.0,0.0,0.0,0.0,1.0
821,822,27.367,0.98,1,-0.061625,0.224791,-0.972456,-0.276032,0.219821,-0.935674,-0.175,0.229,66.3,5.7,454.0,0.087,0.15,-0.036,0.58,0.46,0.47,0.0,0.17,1.62,0.0,1.01,0.36,0.0,0.16,0.1,0.05,0.0,0.17,0.0,0.49,1.0,0.0,0.0,0.0,0.0,0.0,0.0,0.0,0.0,0.0,0.0,0.0,0.0,0.0,0.0,0.0,0.0,1.0
822,823,27.4,0.98,1,-0.059825,0.200459,-0.977874,-0.244776,0.213957,-0.945678,-0.157,0.212,66.8,5.1,455.0,0.096,0.154,-0.043,0.65,0.48,0.39,0.0,0.14,1.8,0.0,0.97,0.29,0.0,0.15,0.21,0.03,0.0,0.04,0.0,0.57,1.0,0.0,0.0,0.0,0.0,0.0,0.0,0.0,0.0,0.0,0.0,0.0,0.0,0.0,0.0,0.0,0.0,1.0
823,824,27.433,0.98,1,-0.046176,0.238621,-0.970014,-0.238309,0.222317,-0.945402,-0.147,0.236,67.1,4.8,454.2,0.1,0.139,-0.044,0.7,0.43,0.25,0.0,0.13,2.06,0.0,0.84,0.28,0.0,0.14,0.3,0.03,0.0,0.18,0.0,0.45,1.0,0.0,0.0,0.0,0.0,0.0,0.0,0.0,0.0,0.0,0.0,0.0,0.0,0.0,0.0,0.0,0.0,0.0
824,825,27.467,0.98,1,-0.048809,0.227197,-0.972625,-0.267938,0.250448,-0.930314,-0.165,0.246,67.4,4.4,452.7,0.098,0.139,-0.046,0.65,0.35,0.13,0.0,0.14,2.22,0.0,0.75,0.22,0.0,0.06,0.25,0.03,0.0,0.28,0.0,0.36,1.0,0.0,0.0,0.0,0.0,0.0,0.0,0.0,0.0,0.0,0.0,0.0,0.0,0.0,0.0,0.0,0.0,0.0
825,826,27.5,0.98,1,-0.044019,0.222757,-0.97388,-0.248272,0.229503,-0.94111,-0.151,0.232,67.8,4.1,453.0,0.1,0.137,-0.048,0.67,0.34,0.06,0.0,0.16,2.16,0.0,0.83,0.26,0.0,0.06,0.16,0.0,0.0,0.43,0.0,0.29,0.0,0.0,0.0,0.0,0.0,0.0,0.0,0.0,0.0,0.0,0.0,0.0,0.0,0.0,0.0,0.0,0.0,0.0
826,827,27.533,0.98,1,-0.045668,0.225003,-0.973287,-0.254417,0.226358,-0.940231,-0.156,0.232,68.4,3.6,454.3,0.105,0.137,-0.051,0.64,0.43,0.06,0.0,0.17,2.05,0.0,0.91,0.27,0.0,0.19,0.13,0.0,0.0,0.32,0.0,0.28,0.0,0.0,0.0,0.0,0.0,0.0,0.0,0.0,0.0,0.0,0.0,0.0,0.0,0.0,0.0,0.0,0.0,0.0
827,828,27.567,0.98,1,-0.040016,0.223824,-0.973808,-0.257568,0.229529,-0.938603,-0.154,0.233,69.2,2.8,455.0,0.084,0.127,-0.048,0.46,0.36,0.03,0.0,0.19,1.97,0.0,1.08,0.36,0.0,0.16,0.13,0.0,0.0,0.3,0.0,0.44,0.0,0.0,0.0,0.0,0.0,0.0,0.0,0.0,0.0,0.0,0.0,0.0,0.0,0.0,0.0,0.0,0.0,0.0
828,829,27.6,0.98,1,-0.053058,0.220244,-0.974001,-0.232098,0.225968,-0.946081,-0.147,0.228,69.9,1.8,454.9,0.075,0.121,-0.048,0.44,0.36,0.02,0.0,0.18,1.84,0.0,1.08,0.38,0.0,0.16,0.27,0.0,0.0,0.15,0.0,0.39,0.0,0.0,0.0,0.0,0.0,0.0,0.0,0.0,0.0,0.0,0.0,0.0,0.0,0.0,0.0,0.0,0.0,0.0
829,830,27.633,0.98,1,-0.033354,0.208946,-0.977358,-0.230544,0.218799,-0.948144,-0.136,0.219,71.0,0.9,458.1,0.07,0.118,-0.047,0.41,0.34,0.02,0.0,0.2,1.76,0.0,1.04,0.4,0.0,0.0,0.26,0.0,0.0,0.15,0.0,0.41,0.0,0.0,0.0,0.0,0.0,0.0,0.0,0.0,0.0,0.0,0.0,0.0,0.0,0.0,0.0,0.0,0.0,0.0
830,831,27.667,0.98,1,-0.021577,0.213128,-0.976786,-0.223234,0.197184,-0.954613,-0.126,0.209,71.6,-0.0,457.5,0.059,0.121,-0.048,0.56,0.26,0.02,0.0,0.2,1.6,0.0,0.99,0.36,0.0,0.0,0.33,0.0,0.0,0.12,0.0,0.22,0.0,0.0,0.0,0.0,0.0,0.0,0.0,0.0,0.0,0.0,0.0,0.0,0.0,0.0,0.0,0.0,0.0,0.0
831,832,27.7,0.98,1,-0.036564,0.207372,-0.977579,-0.220155,0.194204,-0.955938,-0.132,0.205,72.0,-0.5,457.4,0.056,0.115,-0.048,0.5,0.24,0.0,0.0,0.19,1.49,0.0,1.08,0.34,0.0,0.0,0.22,0.0,0.0,0.4,0.03,0.24,0.0,0.0,0.0,0.0,0.0,0.0,0.0,0.0,0.0,0.0,0.0,0.0,0.0,0.0,0.0,0.0,0.0,0.0
832,833,27.733,0.98,1,-0.027363,0.213446,-0.976572,-0.223258,0.214214,-0.95093,-0.129,0.218,72.8,-0.4,458.3,0.073,0.112,-0.055,0.61,0.23,0.03,0.0,0.21,1.42,0.0,1.16,0.3,0.0,0.13,0.24,0.0,0.0,0.76,0.22,0.11,0.0,0.0,0.0,0.0,0.0,0.0,0.0,0.0,0.0,0.0,0.0,0.0,0.0,0.0,0.0,0.0,0.0,0.0
833,834,27.767,0.98,1,-0.02307,0.213146,-0.976748,-0.227334,0.193224,-0.954455,-0.129,0.207,73.4,-0.6,459.4,0.073,0.117,-0.056,0.46,0.23,0.04,0.0,0.29,1.61,0.0,1.26,0.27,0.0,0.32,0.12,0.0,0.0,1.12,0.47,0.15,0.0,0.0,0.0,0.0,0.0,0.0,0.0,0.0,0.0,0.0,0.0,0.0,0.0,0.0,0.0,0.0,0.0,0.0
834,835,27.8,0.98,1,-0.033174,0.206441,-0.977897,-0.214861,0.19945,-0.956062,-0.128,0.207,74.4,-0.7,458.1,0.065,0.105,-0.064,0.4,0.09,0.22,0.0,0.26,1.7,0.0,1.24,0.29,0.0,0.37,0.19,0.0,0.0,1.23,0.64,0.09,0.0,0.0,0.0,0.0,0.0,0.0,0.0,0.0,0.0,0.0,0.0,0.0,0.0,0.0,0.0,0.0,0.0,0.0
835,836,27.833,0.98,1,-0.016777,0.214016,-0.976686,-0.210154,0.200949,-0.956794,-0.117,0.211,75.8,-0.5,459.0,0.076,0.092,-0.07,0.43,0.05,0.19,0.0,0.25,1.71,0.0,1.16,0.34,0.0,0.24,0.16,0.0,0.0,1.11,0.66,0.21,0.0,0.0,0.0,0.0,0.0,0.0,0.0,0.0,0.0,0.0,1.0,0.0,0.0,0.0,0.0,0.0,0.0,0.0
836,837,27.867,0.98,1,-0.008551,0.215333,-0.976503,-0.195352,0.186078,-0.962919,-0.105,0.204,77.2,-0.4,460.4,0.071,0.075,-0.074,0.44,0.05,0.18,0.0,0.21,1.38,0.0,1.07,0.35,0.0,0.05,0.34,0.0,0.17,0.73,0.44,0.25,0.0,0.0,0.0,0.0,0.0,0.0,0.0,0.0,0.0,0.0,1.0,0.0,0.0,0.0,0.0,0.0,0.0,0.0
837,838,27.9,0.98,1,-0.013903,0.210226,-0.977554,-0.180517,0.180883,-0.966796,-0.1,0.199,78.0,-1.2,459.2,0.058,0.067,-0.078,0.43,0.02,0.01,0.0,0.3,1.23,0.0,1.08,0.43,0.0,0.01,0.3,0.0,0.35,0.35,0.24,0.24,0.0,0.0,0.0,0.0,0.0,0.0,0.0,0.0,0.0,0.0,1.0,0.0,0.0,0.0,0.0,0.0,0.0,0.0
838,839,27.933,0.98,1,-0.008014,0.20537,-0.978652,-0.180352,0.195555,-0.963967,-0.097,0.204,79.0,-2.3,462.4,0.061,0.063,-0.085,0.31,0.0,0.0,0.0,0.39,1.18,0.0,1.2,0.44,0.0,0.01,0.42,0.0,0.5,0.04,0.11,0.22,0.0,0.0,0.0,0.0,0.0,0.0,0.0,0.0,0.0,0.0,1.0,0.0,0.0,0.0,0.0,0.0,0.0,0.0
839,840,27.967,0.98,1,-0.012429,0.218785,-0.975694,-0.143528,0.199577,-0.969314,-0.08,0.212,79.0,-3.7,462.3,0.045,0.059,-0.083,0.41,0.0,0.0,0.0,0.43,1.41,0.0,1.42,0.54,0.0,0.04,0.37,0.0,0.45,0.08,0.35,0.22,0.0,0.0,0.0,0.0,0.0,0.0,0.0,0.0,0.0,0.0,1.0,1.0,0.0,0.0,0.0,0.0,0.0,0.0
840,841,28.0,0.98,1,-0.023303,0.201903,-0.979128,-0.143175,0.181773,-0.972862,-0.085,0.194,78.6,-5.4,460.1,0.037,0.056,-0.077,0.54,0.01,0.19,0.0,0.42,1.47,0.0,1.67,0.48,0.0,0.22,0.41,0.0,0.27,0.58,0.79,0.33,0.0,0.0,0.0,0.0,0.0,0.0,0.0,1.0,0.0,0.0,1.0,1.0,0.0,0.0,0.0,0.0,0.0,0.0
841,842,28.033,0.98,1,-0.018553,0.221603,-0.97496,-0.124642,0.223345,-0.966737,-0.074,0.225,77.8,-7.2,458.9,0.037,0.073,-0.07,0.66,0.06,0.36,0.0,0.35,1.44,0.0,1.82,0.47,0.0,0.27,0.39,0.0,0.12,1.09,1.15,0.31,0.0,0.0,0.0,0.0,0.0,0.0,0.0,1.0,0.0,0.0,1.0,1.0,0.0,0.0,1.0,1.0,0.0,0.0
842,843,28.067,0.98,1,-0.036023,0.198948,-0.979348,-0.157348,0.182008,-0.970626,-0.099,0.193,77.4,-8.7,458.1,0.017,0.08,-0.063,0.86,0.13,0.52,0.0,0.32,1.37,0.01,1.81,0.4,0.0,0.48,0.37,0.07,0.0,1.61,1.25,0.26,0.0,0.0,0.0,0.0,0.0,0.0,0.0,1.0,0.0,0.0,1.0,1.0,0.0,0.0,1.0,1.0,0.0,0.0
843,844,28.1,0.98,1,-0.044101,0.188188,-0.981142,-0.16113,0.191215,-0.968232,-0.105,0.192,77.2,-9.8,457.0,0.007,0.086,-0.058,0.86,0.12,0.49,0.0,0.3,1.49,0.0,1.55,0.37,0.0,0.45,0.49,0.19,0.0,1.66,1.29,0.14,0.0,0.0,0.0,0.0,0.0,0.0,0.0,1.0,0.0,0.0,1.0,1.0,0.0,0.0,1.0,1.0,0.0,0.0
844,845,28.133,0.98,1,-0.04135,0.202879,-0.97833,-0.177782,0.175215,-0.968346,-0.112,0.192,77.1,-10.3,455.3,0.012,0.091,-0.059,0.89,0.1,0.48,0.0,0.33,1.52,0.0,1.44,0.39,0.0,0.56,0.45,0.21,0.0,1.71,1.3,0.18,1.0,0.0,0.0,0.0,0.0,0.0,0.0,1.0,0.0,0.0,1.0,1.0,0.0,0.0,1.0,1.0,0.0,0.0
845,846,28.167,0.98,1,-0.039993,0.20213,-0.978542,-0.157227,0.209935,-0.964991,-0.101,0.209,77.5,-10.0,456.7,0.012,0.097,-0.058,0.78,0.03,0.57,0.0,0.37,1.64,0.02,1.48,0.4,0.0,0.51,0.55,0.16,0.0,1.7,1.43,0.3,0.0,0.0,0.0,0.0,0.0,0.0,0.0,1.0,0.0,0.0,1.0,1.0,0.0,0.0,1.0,1.0,0.0,0.0
846,847,28.2,0.98,1,-0.038593,0.213936,-0.976085,-0.147001,0.203772,-0.967919,-0.095,0.212,78.2,-9.0,456.2,0.021,0.097,-0.062,0.84,0.16,0.73,0.0,0.36,1.65,0.02,1.63,0.43,0.0,0.51,0.5,0.04,0.0,1.61,1.36,0.35,0.0,0.0,0.0,0.0,0.0,0.0,0.0,1.0,0.0,0.0,1.0,0.0,0.0,0.0,1.0,1.0,0.0,1.0
847,848,28.233,0.98,1,-0.049999,0.211541,-0.976089,-0.149956,0.214897,-0.965056,-0.103,0.216,79.2,-7.6,457.8,0.032,0.103,-0.061,0.9,0.22,0.71,0.0,0.32,1.78,0.02,1.53,0.4,0.0,0.57,0.54,0.09,0.0,1.63,1.39,0.35,0.0,0.0,0.0,0.0,0.0,0.0,0.0,1.0,0.0,0.0,1.0,0.0,0.0,0.0,1.0,1.0,0.0,1.0
848,849,28.267,0.98,1,-0.041137,0.2125,-0.976295,-0.18795,0.205426,-0.960456,-0.118,0.213,80.2,-5.8,459.7,0.042,0.112,-0.061,0.89,0.26,0.5,0.0,0.28,1.71,0.0,1.39,0.39,0.0,0.64,0.51,0.08,0.0,1.53,1.32,0.33,0.0,0.0,0.0,0.0,0.0,0.0,0.0,1.0,0.0,0.0,1.0,0.0,0.0,0.0,1.0,1.0,0.0,1.0
849,850,28.3,0.98,1,-0.074376,0.215607,-0.973644,-0.201571,0.217654,-0.954985,-0.142,0.221,80.7,-4.3,458.7,0.038,0.114,-0.062,0.88,0.24,0.32,0.0,0.28,1.73,0.0,1.39,0.38,0.0,0.57,0.33,0.08,0.0,1.47,1.08,0.27,0.0,0.0,0.0,0.0,0.0,0.0,0.0,1.0,0.0,0.0,1.0,0.0,0.0,0.0,1.0,1.0,0.0,1.0
850,851,28.333,0.98,1,-0.072408,0.232156,-0.96998,-0.169364,0.246651,-0.95419,-0.125,0.244,81.6,-3.3,460.9,0.051,0.118,-0.064,0.86,0.32,0.35,0.0,0.27,1.63,0.0,1.43,0.41,0.0,0.47,0.17,0.04,0.0,1.34,0.74,0.26,0.0,0.0,0.0,0.0,0.0,0.0,0.0,1.0,0.0,0.0,1.0,0.0,0.0,0.0,1.0,1.0,0.0,1.0
851,852,28.367,0.98,1,-0.066037,0.213684,-0.974668,-0.181968,0.232322,-0.955465,-0.128,0.227,82.6,-2.3,464.2,0.067,0.127,-0.066,0.81,0.39,0.33,0.0,0.35,1.77,0.0,1.38,0.49,0.0,0.22,0.0,0.04,0.0,1.25,0.31,0.18,0.0,0.0,0.0,0.0,0.0,0.0,0.0,1.0,0.0,0.0,1.0,0.0,0.0,0.0,1.0,0.0,0.0,1.0
852,853,28.4,0.98,1,-0.095715,0.224022,-0.969873,-0.168001,0.228764,-0.958876,-0.136,0.231,83.5,-1.3,465.1,0.068,0.128,-0.071,0.75,0.54,0.29,0.0,0.4,1.8,0.0,1.27,0.56,0.0,0.12,0.0,0.04,0.0,1.09,0.16,0.18,0.0,0.0,0.0,0.0,0.0,0.0,0.0,1.0,0.0,0.0,1.0,0.0,0.0,0.0,0.0,0.0,0.0,1.0
853,854,28.433,0.98,1,-0.083828,0.219173,-0.972078,-0.179111,0.242887,-0.953376,-0.136,0.236,84.7,-0.6,468.1,0.077,0.137,-0.074,0.48,0.39,0.15,0.0,0.53,1.94,0.07,1.41,0.59,0.0,0.0,0.0,0.0,0.0,1.07,0.14,0.1,0.0,0.0,0.0,0.0,0.0,0.0,0.0,1.0,0.0,0.0,0.0,0.0,0.0,0.0,0.0,0.0,0.0,1.0
854,855,28.467,0.98,1,-0.065317,0.229154,-0.971196,-0.192745,0.248036,-0.949383,-0.134,0.244,85.8,0.0,470.0,0.082,0.139,-0.074,0.31,0.28,0.14,0.0,0.56,1.83,0.07,1.58,0.56,0.0,0.0,0.0,0.03,0.0,0.94,0.19,0.06,0.0,0.0,0.0,0.0,0.0,0.0,0.0,1.0,0.0,0.0,0.0,0.0,0.0,0.0,0.0,0.0,0.0,0.0
855,856,28.5,0.98,1,-0.06145,0.226932,-0.97197,-0.209038,0.230184,-0.950431,-0.14,0.233,86.6,0.1,470.7,0.086,0.144,-0.072,0.06,0.06,0.05,0.0,0.58,1.73,0.07,1.63,0.49,0.0,0.09,0.0,0.03,0.0,0.91,0.19,0.04,0.0,0.0,0.0,0.0,0.0,0.0,0.0,1.0,0.0,0.0,0.0,0.0,0.0,0.0,0.0,0.0,0.0,0.0
856,857,28.533,0.98,1,-0.07778,0.218032,-0.972837,-0.205801,0.219054,-0.953762,-0.146,0.223,87.9,0.1,473.9,0.09,0.144,-0.073,0.06,0.06,0.02,0.0,0.51,1.65,0.04,1.53,0.4,0.0,0.09,0.0,0.03,0.0,0.82,0.08,0.08,0.0,0.0,0.0,0.0,0.0,0.0,0.0,1.0,0.0,0.0,0.0,0.0,0.0,0.0,0.0,0.0,0.0,0.0
857,858,28.567,0.98,1,-0.068842,0.213753,-0.974459,-0.217557,0.220687,-0.950771,-0.148,0.222,88.5,-0.0,476.1,0.09,0.149,-0.07,0.11,0.06,0.03,0.0,0.39,1.67,0.07,1.57,0.32,0.0,0.15,0.01,0.0,0.0,0.65,0.03,0.06,0.0,0.0,0.0,0.0,0.0,0.0,0.0,1.0,0.0,0.0,0.0,0.0,0.0,0.0,0.0,0.0,0.0,0.0
858,859,28.6,0.98,1,-0.088719,0.217122,-0.972104,-0.201324,0.203998,-0.958047,-0.149,0.215,88.9,-0.2,478.2,0.083,0.149,-0.067,0.2,0.11,0.05,0.0,0.26,1.67,0.08,1.74,0.18,0.0,0.05,0.04,0.0,0.0,0.5,0.07,0.24,0.0,0.0,0.0,0.0,0.0,0.0,0.0,1.0,0.0,0.0,0.0,0.0,0.0,0.0,0.0,0.0,0.0,0.0
859,860,28.633,0.98,1,-0.07812,0.230858,-0.969846,-0.21279,0.234453,-0.948553,-0.15,0.238,89.4,-0.2,479.8,0.086,0.148,-0.066,0.26,0.1,0.1,0.0,0.18,1.71,0.08,1.89,0.13,0.0,0.05,0.04,0.0,0.0,0.24,0.05,0.27,0.0,0.0,0.0,0.0,0.0,0.0,0.0,1.0,0.0,0.0,0.0,0.0,0.0,0.0,0.0,0.0,0.0,0.0
860,861,28.667,0.98,1,-0.069942,0.222677,-0.97238,-0.217105,0.238315,-0.94661,-0.148,0.236,89.6,0.4,481.8,0.086,0.15,-0.066,0.25,0.12,0.09,0.0,0.13,1.52,0.07,1.87,0.11,0.0,0.09,0.09,0.0,0.0,0.3,0.05,0.38,0.0,0.0,0.0,0.0,0.0,0.0,0.0,1.0,0.0,0.0,0.0,0.0,0.0,0.0,0.0,0.0,0.0,0.0
861,862,28.7,0.98,1,-0.075819,0.239167,-0.968014,-0.23044,0.238661,-0.943366,-0.159,0.245,89.4,0.7,482.1,0.091,0.155,-0.067,0.29,0.33,0.27,0.0,0.11,1.46,0.07,1.62,0.11,0.0,0.14,0.07,0.0,0.0,0.26,0.0,0.26,0.0,0.0,0.0,0.0,0.0,0.0,0.0,1.0,0.0,0.0,0.0,0.0,0.0,0.0,0.0,0.0,0.0,0.0
862,863,28.733,0.98,1,-0.067845,0.246546,-0.966753,-0.221514,0.231409,-0.947302,-0.15,0.245,89.6,1.2,484.5,0.104,0.164,-0.068,0.21,0.4,0.29,0.0,0.1,1.32,0.03,1.35,0.11,0.0,0.16,0.07,0.0,0.0,0.23,0.0,0.31,0.0,0.0,0.0,0.0,0.0,0.0,0.0,1.0,0.0,0.0,0.0,0.0,0.0,0.0,0.0,0.0,0.0,1.0
863,864,28.767,0.98,1,-0.062779,0.248411,-0.966618,-0.230933,0.236177,-0.94387,-0.153,0.248,89.4,1.3,486.3,0.111,0.166,-0.063,0.17,0.38,0.3,0.0,0.12,1.48,0.01,1.21,0.1,0.0,0.09,0.0,0.0,0.0,0.14,0.0,0.3,0.0,0.0,0.0,0.0,0.0,0.0,0.0,1.0,0.0,0.0,0.0,0.0,0.0,0.0,0.0,0.0,0.0,1.0
864,865,28.8,0.98,1,-0.062586,0.23793,-0.969264,-0.235799,0.237835,-0.942249,-0.155,0.244,89.0,1.1,485.9,0.1,0.159,-0.056,0.0,0.16,0.22,0.0,0.23,1.67,0.07,1.25,0.13,0.0,0.04,0.06,0.0,0.0,0.23,0.0,0.32,0.0,0.0,0.0,0.0,0.0,0.0,0.0,1.0,0.0,0.0,0.0,0.0,0.0,0.0,0.0,0.0,0.0,1.0
865,866,28.833,0.98,1,-0.078938,0.251356,-0.96467,-0.210672,0.246922,-0.945858,-0.15,0.255,88.2,1.0,486.0,0.106,0.158,-0.051,0.0,0.08,0.16,0.0,0.29,1.72,0.07,1.38,0.21,0.0,0.01,0.06,0.0,0.0,0.42,0.0,0.37,0.0,0.0,0.0,0.0,0.0,0.0,0.0,1.0,0.0,0.0,0.0,0.0,0.0,0.0,0.0,0.0,0.0,1.0
866,867,28.867,0.98,1,-0.067317,0.247725,-0.966489,-0.212473,0.240371,-0.947141,-0.145,0.25,87.7,1.1,488.0,0.107,0.164,-0.048,0.01,0.08,0.22,0.0,0.37,1.74,0.07,1.42,0.28,0.0,0.0,0.2,0.0,0.0,0.41,0.0,0.36,0.0,0.0,0.0,0.0,0.0,0.0,0.0,1.0,0.0,0.0,0.0,0.0,0.0,0.0,0.0,0.0,0.0,1.0
867,868,28.9,0.98,1,-0.075885,0.252027,-0.96474,-0.21897,0.235539,-0.946875,-0.153,0.25,86.6,0.9,487.4,0.097,0.168,-0.045,0.02,0.07,0.25,0.0,0.43,1.74,0.0,1.39,0.41,0.0,0.0,0.22,0.0,0.02,0.28,0.0,0.41,0.0,0.0,0.0,0.0,0.0,0.0,0.0,1.0,0.0,0.0,0.0,0.0,0.0,0.0,0.0,0.0,0.0,1.0
868,869,28.933,0.98,1,-0.078419,0.24558,-0.966199,-0.209278,0.242369,-0.947344,-0.149,0.25,86.4,0.6,489.3,0.096,0.171,-0.048,0.02,0.09,0.3,0.0,0.45,1.83,0.0,1.28,0.42,0.0,0.0,0.22,0.0,0.02,0.04,0.0,0.4,0.0,0.0,0.0,0.0,0.0,0.0,0.0,1.0,0.0,0.0,0.0,0.0,0.0,0.0,0.0,0.0,0.0,1.0
869,870,28.967,0.98,1,-0.053081,0.228413,-0.972116,-0.224879,0.233493,-0.945997,-0.144,0.236,85.9,0.7,489.4,0.096,0.171,-0.051,0.0,0.09,0.24,0.0,0.46,1.94,0.0,1.28,0.41,0.0,0.0,0.21,0.0,0.02,0.07,0.0,0.42,0.0,0.0,0.0,0.0,0.0,0.0,0.0,1.0,0.0,0.0,0.0,0.0,0.0,0.0,0.0,0.0,0.0,0.0
870,871,29.0,0.98,1,-0.091231,0.2283,-0.969307,-0.22274,0.239885,-0.944903,-0.163,0.24,85.6,1.2,487.3,0.107,0.17,-0.054,0.0,0.02,0.23,0.0,0.44,1.85,0.0,1.26,0.48,0.0,0.0,0.14,0.1,0.0,0.24,0.0,0.55,0.0,0.0,0.0,0.0,0.0,0.0,0.0,1.0,0.0,0.0,0.0,0.0,0.0,0.0,0.0,0.0,0.0,0.0
871,872,29.033,0.98,1,-0.073188,0.235791,-0.969044,-0.221563,0.24408,-0.944105,-0.153,0.246,85.7,1.5,487.0,0.117,0.175,-0.058,0.0,0.0,0.25,0.0,0.45,1.84,0.0,1.2,0.54,0.0,0.0,0.14,0.23,0.0,0.49,0.09,0.55,0.0,0.0,0.0,0.0,0.0,0.0,0.0,1.0,0.0,0.0,0.0,0.0,0.0,0.0,0.0,0.0,0.0,0.0
872,873,29.067,0.98,1,-0.094708,0.223016,-0.970203,-0.226943,0.244451,-0.94273,-0.167,0.24,85.9,1.5,486.5,0.107,0.176,-0.06,0.0,0.0,0.23,0.0,0.44,1.73,0.0,1.03,0.55,0.0,0.0,0.06,0.24,0.0,0.68,0.15,0.64,0.0,0.0,0.0,0.0,0.0,0.0,0.0,1.0,0.0,0.0,0.0,0.0,0.0,0.0,0.0,0.0,0.0,0.0
873,874,29.1,0.98,1,-0.099628,0.213112,-0.971935,-0.232334,0.235182,-0.943775,-0.172,0.23,86.1,1.6,485.5,0.1,0.176,-0.062,0.01,0.02,0.18,0.0,0.4,1.66,0.0,0.93,0.48,0.0,0.0,0.13,0.21,0.0,0.68,0.17,0.59,0.0,0.0,0.0,0.0,0.0,0.0,0.0,1.0,0.0,0.0,0.0,0.0,0.0,0.0,0.0,0.0,0.0,0.0
874,875,29.133,0.98,1,-0.102724,0.21096,-0.972082,-0.238532,0.229568,-0.943611,-0.176,0.226,86.2,1.7,484.6,0.104,0.182,-0.066,0.01,0.02,0.23,0.0,0.42,1.69,0.0,1.03,0.46,0.0,0.0,0.2,0.16,0.0,0.71,0.12,0.59,0.0,1.0,0.0,0.0,0.0,0.0,0.0,1.0,0.0,0.0,0.0,0.0,0.0,0.0,0.0,0.0,0.0,0.0
875,876,29.167,0.98,1,-0.108202,0.220812,-0.969296,-0.25588,0.231347,-0.938618,-0.189,0.233,86.3,1.8,483.3,0.115,0.185,-0.073,0.01,0.02,0.27,0.0,0.44,1.83,0.0,1.16,0.5,0.0,0.0,0.2,0.15,0.0,0.73,0.13,0.61,0.0,1.0,0.0,0.0,0.0,0.0,0.0,1.0,0.0,0.0,0.0,0.0,0.0,0.0,0.0,0.0,0.0,0.0
876,877,29.2,0.98,1,-0.113869,0.216806,-0.969551,-0.243238,0.233246,-0.941505,-0.185,0.231,86.2,1.8,481.0,0.108,0.189,-0.073,0.0,0.0,0.29,0.0,0.43,2.06,0.01,1.21,0.46,0.0,0.0,0.21,0.09,0.0,0.83,0.24,0.41,0.0,1.0,0.0,0.0,0.0,0.0,0.0,1.0,0.0,0.0,0.0,0.0,0.0,0.0,0.0,0.0,0.0,0.0
877,878,29.233,0.98,1,-0.113207,0.218282,-0.969297,-0.248329,0.242359,-0.937867,-0.187,0.237,86.2,1.9,479.3,0.111,0.191,-0.076,0.0,0.0,0.33,0.0,0.42,2.09,0.03,1.19,0.49,0.0,0.0,0.18,0.02,0.0,0.85,0.29,0.37,0.0,1.0,0.0,0.0,0.0,0.0,0.0,1.0,0.0,0.0,0.0,0.0,0.0,0.0,0.0,0.0,0.0,0.0
878,879,29.267,0.98,1,-0.109662,0.224511,-0.968282,-0.252962,0.256193,-0.932939,-0.188,0.248,86.6,2.0,479.1,0.109,0.195,-0.074,0.0,0.0,0.4,0.0,0.38,2.07,0.07,1.21,0.49,0.0,0.05,0.31,0.02,0.0,0.73,0.34,0.15,0.0,0.0,0.0,0.0,0.0,0.0,0.0,1.0,0.0,0.0,0.0,0.0,0.0,0.0,0.0,0.0,0.0,0.0
879,880,29.3,0.98,1,-0.135366,0.229957,-0.963741,-0.283953,0.239679,-0.928399,-0.218,0.243,86.7,2.1,475.9,0.103,0.202,-0.075,0.0,0.0,0.27,0.0,0.41,1.95,0.11,1.37,0.54,0.0,0.12,0.33,0.03,0.0,0.6,0.28,0.15,0.0,0.0,0.0,0.0,0.0,0.0,0.0,1.0,0.0,0.0,0.0,0.0,0.0,0.0,0.0,0.0,0.0,0.0
880,881,29.333,0.98,1,-0.113863,0.230936,-0.966284,-0.274662,0.252404,-0.927822,-0.202,0.25,87.2,2.6,474.9,0.113,0.203,-0.074,0.0,0.0,0.17,0.0,0.41,1.87,0.15,1.46,0.5,0.0,0.12,0.34,0.06,0.0,0.53,0.41,0.07,0.0,0.0,0.0,0.0,0.0,0.0,0.0,1.0,0.0,0.0,0.0,0.0,0.0,0.0,0.0,0.0,0.0,0.0
881,882,29.367,0.98,1,-0.114736,0.235283,-0.965131,-0.261996,0.255893,-0.930525,-0.196,0.254,87.3,3.0,474.2,0.114,0.211,-0.066,0.0,0.0,0.22,0.0,0.49,1.91,0.12,1.51,0.56,0.0,0.11,0.23,0.06,0.0,0.7,0.52,0.07,0.0,0.0,0.0,0.0,0.0,0.0,0.0,1.0,0.0,0.0,0.0,0.0,0.0,0.0,0.0,0.0,0.0,0.0
882,883,29.4,0.98,1,-0.122297,0.234908,-0.964293,-0.278422,0.250831,-0.927127,-0.209,0.251,86.8,3.4,471.5,0.112,0.219,-0.061,0.0,0.0,0.38,0.0,0.47,1.98,0.11,1.6,0.58,0.0,0.04,0.34,0.07,0.0,0.85,0.69,0.07,0.0,0.0,0.0,0.0,0.0,0.0,0.0,1.0,0.0,0.0,0.0,1.0,0.0,0.0,0.0,0.0,0.0,0.0
883,884,29.433,0.98,1,-0.121909,0.232265,-0.964982,-0.274877,0.266114,-0.923919,-0.207,0.258,86.5,4.2,470.4,0.123,0.22,-0.056,0.0,0.0,0.42,0.0,0.48,1.98,0.09,1.6,0.58,0.08,0.2,0.41,0.05,0.0,0.75,0.75,0.0,0.0,0.0,0.0,0.0,0.0,0.0,0.0,1.0,0.0,0.0,0.0,1.0,0.0,0.0,0.0,0.0,0.0,0.0
884,885,29.467,0.98,1,-0.122746,0.240238,-0.962922,-0.285783,0.255099,-0.923717,-0.213,0.257,86.2,4.7,469.3,0.121,0.22,-0.047,0.0,0.0,0.3,0.0,0.38,1.88,0.14,1.53,0.54,0.19,0.16,0.68,0.05,0.12,0.43,0.71,0.0,0.0,0.0,0.0,0.0,0.0,0.0,0.0,1.0,0.0,0.0,0.0,1.0,0.0,0.0,0.0,0.0,0.0,0.0
885,886,29.5,0.98,1,-0.124464,0.235652,-0.963834,-0.287696,0.242466,-0.926521,-0.215,0.248,85.8,4.5,469.4,0.102,0.231,-0.041,0.03,0.0,0.21,0.0,0.33,1.84,0.11,1.47,0.52,0.27,0.16,0.84,0.04,0.25,0.13,0.54,0.0,0.0,0.0,0.0,0.0,0.0,0.0,0.0,1.0,0.0,0.0,0.0,1.0,0.0,0.0,0.0,0.0,0.0,0.0
886,887,29.533,0.98,1,-0.125386,0.23841,-0.963036,-0.299163,0.248157,-0.921368,-0.222,0.253,85.6,4.8,468.4,0.107,0.233,-0.04,0.03,0.0,0.23,0.0,0.26,1.91,0.11,1.44,0.47,0.19,0.0,1.03,0.01,0.35,0.0,0.38,0.02,0.0,0.0,0.0,0.0,0.0,0.0,0.0,1.0,0.0,0.0,0.0,1.0,0.0,0.0,0.0,0.0,0.0,0.0
887,888,29.567,0.98,1,-0.121461,0.263658,-0.956939,-0.312664,0.244263,-0.91792,-0.228,0.265,85.2,5.2,466.6,0.11,0.239,-0.036,0.03,0.0,0.25,0.0,0.21,1.82,0.09,1.38,0.38,0.08,0.0,0.84,0.02,0.26,0.0,0.44,0.06,0.0,0.0,0.0,0.0,0.0,0.0,0.0,1.0,0.0,0.0,0.0,1.0,0.0,0.0,0.0,0.0,0.0,0.0
888,889,29.6,0.98,1,-0.134452,0.254427,-0.9577,-0.313464,0.241672,-0.918333,-0.234,0.259,84.3,5.4,462.9,0.114,0.243,-0.034,0.04,0.0,0.34,0.0,0.23,1.8,0.16,1.34,0.31,0.05,0.0,0.69,0.12,0.16,0.01,0.63,0.1,0.0,0.0,0.0,0.0,0.0,0.0,0.0,1.0,0.0,0.0,0.0,1.0,0.0,0.0,0.0,0.0,0.0,0.0
889,890,29.633,0.98,1,-0.158747,0.23719,-0.958405,-0.301656,0.236258,-0.923681,-0.24,0.246,84.1,5.2,462.3,0.114,0.248,-0.036,0.04,0.03,0.34,0.04,0.29,1.69,0.14,1.45,0.36,0.11,0.0,0.51,0.19,0.06,0.1,0.89,0.1,0.0,0.0,0.0,0.0,0.0,0.0,0.0,1.0,0.0,0.0,0.0,1.0,0.0,0.0,0.0,0.0,0.0,0.0
890,891,29.667,0.98,1,-0.157098,0.239689,-0.958055,-0.303598,0.241399,-0.921713,-0.24,0.251,84.0,5.1,463.2,0.114,0.258,-0.035,0.04,0.03,0.39,0.04,0.4,1.65,0.13,1.54,0.45,0.11,0.0,0.51,0.19,0.05,0.16,0.88,0.07,0.0,1.0,0.0,0.0,0.0,0.0,0.0,1.0,0.0,0.0,0.0,0.0,0.0,0.0,0.0,0.0,0.0,0.0
891,892,29.7,0.98,1,-0.15271,0.236195,-0.959631,-0.299626,0.2369,-0.924177,-0.236,0.246,84.2,4.8,462.2,0.103,0.255,-0.034,0.03,0.09,0.31,0.04,0.45,1.53,0.14,1.56,0.52,0.09,0.0,0.48,0.14,0.02,0.17,0.78,0.02,0.0,1.0,0.0,0.0,0.0,0.0,0.0,1.0,0.0,0.0,0.0,0.0,0.0,0.0,0.0,0.0,0.0,0.0
892,893,29.733,0.98,1,-0.145918,0.241074,-0.959474,-0.293331,0.239644,-0.925488,-0.229,0.25,84.5,4.2,460.8,0.108,0.255,-0.037,0.1,0.11,0.33,0.0,0.45,1.56,0.16,1.52,0.54,0.08,0.0,0.48,0.05,0.02,0.15,0.6,0.0,0.0,1.0,0.0,0.0,0.0,0.0,0.0,1.0,0.0,0.0,0.0,0.0,1.0,0.0,0.0,0.0,0.0,0.0
893,894,29.767,0.98,1,-0.150929,0.230005,-0.961415,-0.301783,0.235972,-0.923712,-0.236,0.242,84.7,4.4,460.4,0.106,0.252,-0.032,0.11,0.11,0.23,0.0,0.41,1.65,0.17,1.61,0.49,0.08,0.0,0.5,0.05,0.0,0.21,0.73,0.0,0.0,1.0,0.0,0.0,0.0,0.0,0.0,1.0,0.0,0.0,0.0,0.0,0.0,0.0,0.0,0.0,0.0,0.0
894,895,29.8,0.98,1,-0.146053,0.223312,-0.963743,-0.306293,0.230758,-0.923545,-0.235,0.236,84.8,5.1,460.0,0.095,0.247,-0.027,0.22,0.16,0.33,0.0,0.41,1.64,0.14,1.69,0.42,0.05,0.0,0.46,0.0,0.0,0.23,0.8,0.0,0.0,0.0,0.0,0.0,0.0,0.0,0.0,1.0,0.0,0.0,0.0,0.0,0.0,0.0,0.0,0.0,0.0,0.0
895,896,29.833,0.98,1,-0.141772,0.22604,-0.963746,-0.304207,0.228591,-0.924773,-0.232,0.236,84.8,5.1,460.2,0.098,0.249,-0.028,0.28,0.2,0.38,0.0,0.37,1.6,0.09,1.68,0.27,0.0,0.0,0.46,0.0,0.0,0.28,0.91,0.0,0.0,1.0,0.0,0.0,0.0,0.0,0.0,1.0,0.0,0.0,0.0,0.0,0.0,0.0,0.0,0.0,0.0,0.0
896,897,29.867,0.98,1,-0.141127,0.233145,-0.962147,-0.309622,0.223319,-0.924264,-0.235,0.237,84.6,5.3,459.4,0.101,0.253,-0.029,0.3,0.2,0.47,0.0,0.3,1.57,0.1,1.67,0.18,0.0,0.04,0.47,0.0,0.0,0.23,0.87,0.0,0.0,1.0,0.0,0.0,0.0,0.0,0.0,1.0,0.0,0.0,0.0,0.0,0.0,0.0,0.0,0.0,0.0,0.0
897,898,29.9,0.98,1,-0.152837,0.232475,-0.960519,-0.303988,0.233709,-0.923564,-0.238,0.243,84.4,6.1,458.6,0.093,0.253,-0.029,0.27,0.15,0.46,0.0,0.18,1.59,0.09,1.71,0.1,0.0,0.18,0.58,0.0,0.0,0.18,0.81,0.0,0.0,0.0,0.0,0.0,0.0,0.0,0.0,1.0,0.0,0.0,0.0,0.0,0.0,0.0,0.0,0.0,0.0,0.0
898,899,29.933,0.98,1,-0.139084,0.247981,-0.958729,-0.313759,0.238521,-0.919056,-0.237,0.254,84.0,6.1,457.0,0.1,0.264,-0.036,0.19,0.06,0.45,0.0,0.14,1.62,0.15,1.48,0.06,0.0,0.18,0.61,0.0,0.0,0.22,0.62,0.0,0.0,0.0,0.0,0.0,0.0,0.0,0.0,1.0,0.0,0.0,0.0,0.0,0.0,0.0,0.0,0.0,0.0,0.0
899,900,29.967,0.98,1,-0.143892,0.25878,-0.955159,-0.335035,0.237264,-0.911843,-0.251,0.26,84.3,6.1,457.8,0.103,0.266,-0.035,0.22,0.08,0.43,0.0,0.12,1.6,0.21,1.16,0.01,0.0,0.16,0.54,0.0,0.0,0.18,0.49,0.0,0.0,0.0,0.0,0.0,0.0,0.0,0.0,1.0,0.0,0.0,0.0,0.0,0.0,0.0,0.0,0.0,0.0,0.0
900,901,30.0,0.98,1,-0.156322,0.240461,-0.957988,-0.350733,0.251755,-0.902001,-0.266,0.259,84.4,6.4,457.5,0.097,0.274,-0.036,0.17,0.1,0.4,0.0,0.18,1.65,0.37,0.81,0.0,0.0,0.03,0.39,0.0,0.0,0.25,0.43,0.0,0.0,0.0,0.0,0.0,0.0,0.0,0.0,1.0,0.0,0.0,0.0,0.0,0.0,0.0,0.0,0.0,0.0,0.0
901,902,30.033,0.98,1,-0.20131,0.268295,-0.942068,-0.324993,0.240752,-0.914559,-0.276,0.268,84.9,6.6,457.1,0.106,0.28,-0.041,0.25,0.19,0.34,0.0,0.14,1.29,0.48,0.9,0.0,0.0,0.03,0.37,0.0,0.0,0.19,0.39,0.0,0.0,0.0,0.0,0.0,0.0,0.0,0.0,1.0,0.0,0.0,0.0,0.0,0.0,0.0,0.0,0.0,0.0,0.0
902,903,30.067,0.98,1,-0.176947,0.273946,-0.945327,-0.328152,0.245601,-0.912138,-0.266,0.273,85.6,6.6,457.7,0.106,0.277,-0.036,0.21,0.28,0.32,0.0,0.14,1.12,0.52,1.06,0.04,0.0,0.01,0.32,0.0,0.0,0.26,0.18,0.0,0.0,0.0,0.0,0.0,0.0,0.0,0.0,1.0,0.0,0.0,0.0,0.0,0.0,0.0,0.0,0.0,0.0,0.0
903,904,30.1,0.98,1,-0.189312,0.263579,-0.945879,-0.336765,0.238935,-0.910769,-0.276,0.264,85.9,6.5,456.9,0.095,0.274,-0.033,0.26,0.35,0.24,0.0,0.07,0.84,0.52,1.17,0.05,0.0,0.02,0.31,0.0,0.0,0.27,0.06,0.0,0.0,0.0,0.0,0.0,0.0,0.0,0.0,1.0,0.0,0.0,0.0,0.0,0.0,0.0,0.0,0.0,0.0,0.0
904,905,30.133,0.98,1,-0.211735,0.257641,-0.942756,-0.341577,0.21838,-0.914131,-0.29,0.251,86.6,6.9,456.0,0.104,0.264,-0.039,0.21,0.27,0.23,0.0,0.09,0.93,0.53,1.17,0.06,0.0,0.02,0.4,0.0,0.0,0.24,0.0,0.0,0.0,0.0,0.0,0.0,0.0,0.0,0.0,1.0,0.0,0.0,0.0,0.0,0.0,0.0,0.0,0.0,0.0,0.0
905,906,30.167,0.98,1,-0.163472,0.262673,-0.950936,-0.354655,0.229922,-0.906287,-0.272,0.259,86.8,6.8,455.7,0.116,0.275,-0.04,0.21,0.16,0.23,0.0,0.15,1.0,0.53,1.14,0.09,0.0,0.02,0.42,0.0,0.0,0.25,0.04,0.0,0.0,0.0,0.0,0.0,0.0,0.0,0.0,1.0,0.0,0.0,0.0,0.0,0.0,0.0,0.0,0.0,0.0,0.0
906,907,30.2,0.98,1,-0.171504,0.268797,-0.947805,-0.332055,0.237446,-0.912885,-0.264,0.266,86.8,6.3,454.1,0.109,0.268,-0.042,0.19,0.1,0.21,0.0,0.19,1.07,0.39,1.09,0.14,0.0,0.0,0.52,0.09,0.0,0.18,0.04,0.08,0.0,0.0,0.0,0.0,0.0,0.0,0.0,1.0,0.0,0.0,0.0,0.0,0.0,0.0,0.0,0.0,0.0,0.0
907,908,30.233,0.98,1,-0.174571,0.276723,-0.94496,-0.326437,0.237785,-0.914821,-0.263,0.27,86.6,6.0,454.6,0.112,0.278,-0.044,0.27,0.23,0.19,0.01,0.23,0.97,0.24,1.05,0.26,0.08,0.0,0.58,0.13,0.0,0.11,0.04,0.11,0.0,0.0,0.0,0.0,0.0,0.0,0.0,1.0,0.0,0.0,0.0,1.0,0.0,0.0,0.0,0.0,0.0,0.0
908,909,30.267,0.98,1,-0.171209,0.268867,-0.947839,-0.324041,0.235763,-0.916195,-0.26,0.264,86.7,5.7,455.5,0.111,0.279,-0.045,0.31,0.23,0.12,0.01,0.25,0.98,0.2,1.1,0.35,0.13,0.0,0.92,0.13,0.09,0.0,0.01,0.13,0.0,0.0,0.0,0.0,0.0,0.0,0.0,1.0,0.0,0.0,0.0,1.0,0.0,0.0,0.0,0.0,0.0,0.0
909,910,30.3,0.98,1,-0.183671,0.268863,-0.945504,-0.311072,0.247116,-0.917697,-0.26,0.27,86.4,4.7,454.4,0.095,0.273,-0.045,0.33,0.18,0.09,0.01,0.28,1.1,0.15,1.14,0.43,0.14,0.0,1.09,0.04,0.19,0.0,0.02,0.13,0.0,0.0,0.0,0.0,0.0,0.0,0.0,1.0,1.0,0.0,0.0,1.0,0.0,0.0,0.0,0.0,0.0,0.0
910,911,30.333,0.98,1,-0.188524,0.27584,-0.942534,-0.335314,0.240508,-0.91089,-0.275,0.272,86.0,4.6,454.1,0.097,0.273,-0.049,0.3,0.14,0.06,0.02,0.28,1.25,0.12,1.29,0.43,0.12,0.0,1.08,0.0,0.37,0.0,0.03,0.15,0.0,0.0,0.0,0.0,0.0,0.0,0.0,1.0,1.0,0.0,0.0,1.0,0.0,0.0,0.0,0.0,0.0,0.0
911,912,30.367,0.98,1,-0.183342,0.279611,-0.942446,-0.327754,0.245697,-0.912255,-0.269,0.276,86.1,5.0,456.2,0.099,0.268,-0.048,0.42,0.33,0.19,0.02,0.29,1.19,0.07,1.42,0.41,0.22,0.0,0.99,0.0,0.48,0.0,0.14,0.14,0.0,0.0,0.0,0.0,0.0,0.0,0.0,1.0,1.0,0.0,0.0,1.0,0.0,0.0,0.0,0.0,0.0,0.0
912,913,30.4,0.98,1,-0.178313,0.27193,-0.945652,-0.315868,0.235303,-0.919163,-0.259,0.266,85.9,4.9,456.0,0.095,0.261,-0.047,0.29,0.29,0.18,0.02,0.26,1.13,0.06,1.45,0.37,0.2,0.0,0.99,0.01,0.61,0.0,0.18,0.12,0.0,0.0,0.0,0.0,0.0,0.0,0.0,1.0,1.0,0.0,0.0,1.0,0.0,0.0,0.0,0.0,0.0,0.0
913,914,30.433,0.98,1,-0.177695,0.283981,-0.94222,-0.291212,0.256724,-0.921568,-0.246,0.282,85.6,4.7,454.3,0.105,0.253,-0.05,0.26,0.33,0.3,0.0,0.21,1.08,0.11,1.43,0.25,0.14,0.0,0.85,0.01,0.44,0.0,0.27,0.07,0.0,0.0,0.0,0.0,0.0,0.0,0.0,1.0,0.0,0.0,0.0,1.0,0.0,0.0,0.0,0.0,0.0,0.0
914,915,30.467,0.98,1,-0.166968,0.281414,-0.944949,-0.315923,0.242014,-0.9174,-0.254,0.274,85.2,5.4,455.7,0.112,0.272,-0.048,0.19,0.17,0.3,0.0,0.17,1.05,0.06,1.29,0.15,0.04,0.0,0.65,0.01,0.24,0.0,0.28,0.07,0.0,0.0,0.0,0.0,0.0,0.0,0.0,1.0,0.0,0.0,0.0,1.0,0.0,0.0,0.0,0.0,0.0,0.0
915,916,30.5,0.98,1,-0.165923,0.28737,-0.943339,-0.313155,0.240153,-0.918836,-0.252,0.276,85.0,5.5,454.8,0.111,0.269,-0.047,0.2,0.28,0.32,0.0,0.19,0.96,0.08,1.22,0.09,0.04,0.0,0.31,0.02,0.01,0.0,0.34,0.0,0.0,0.0,0.0,0.0,0.0,0.0,0.0,1.0,0.0,0.0,0.0,1.0,0.0,0.0,0.0,0.0,0.0,0.0
916,917,30.533,0.98,1,-0.12908,0.291995,-0.947669,-0.280775,0.25388,-0.925587,-0.215,0.284,85.9,5.3,455.1,0.105,0.242,-0.045,0.13,0.35,0.16,0.0,0.25,1.03,0.1,1.09,0.17,0.08,0.0,0.28,0.02,0.0,0.0,0.32,0.0,0.0,0.0,0.0,0.0,0.0,0.0,0.0,1.0,0.0,0.0,0.0,1.0,0.0,0.0,0.0,0.0,0.0,0.0
917,918,30.567,0.98,1,-0.1049,0.287556,-0.952002,-0.263415,0.261924,-0.928444,-0.193,0.284,86.5,5.4,456.1,0.11,0.231,-0.047,0.12,0.36,0.21,0.0,0.28,1.18,0.18,1.01,0.2,0.04,0.0,0.26,0.02,0.0,0.0,0.2,0.0,0.0,0.0,0.0,0.0,0.0,0.0,0.0,1.0,0.0,0.0,0.0,1.0,0.0,0.0,0.0,0.0,0.0,0.0
918,919,30.6,0.98,1,-0.109566,0.276993,-0.954605,-0.273311,0.246257,-0.92987,-0.2,0.271,87.1,5.5,458.0,0.102,0.238,-0.042,0.12,0.31,0.2,0.0,0.36,1.4,0.29,1.07,0.23,0.04,0.02,0.46,0.0,0.0,0.0,0.09,0.12,0.0,0.0,0.0,0.0,0.0,0.0,0.0,1.0,0.0,0.0,0.0,1.0,0.0,0.0,0.0,0.0,0.0,0.0
919,920,30.633,0.98,1,-0.111212,0.278309,-0.954031,-0.272292,0.248827,-0.929485,-0.201,0.273,87.5,5.0,458.8,0.1,0.237,-0.04,0.13,0.15,0.31,0.0,0.37,1.38,0.31,1.29,0.24,0.0,0.02,0.6,0.0,0.0,0.0,0.0,0.12,0.0,0.0,0.0,0.0,0.0,0.0,0.0,1.0,0.0,0.0,0.0,1.0,0.0,0.0,0.0,0.0,0.0,0.0
920,921,30.667,0.98,1,-0.112337,0.269899,-0.956313,-0.273264,0.240337,-0.931432,-0.201,0.264,87.8,5.0,458.4,0.095,0.225,-0.04,0.13,0.25,0.25,0.0,0.31,1.25,0.32,1.4,0.16,0.0,0.12,0.67,0.0,0.0,0.03,0.0,0.12,0.0,0.0,0.0,0.0,0.0,0.0,0.0,1.0,0.0,0.0,0.0,1.0,0.0,0.0,0.0,0.0,0.0,0.0
921,922,30.7,0.98,1,-0.095847,0.277236,-0.956009,-0.269291,0.245313,-0.931292,-0.191,0.27,88.1,5.4,459.9,0.102,0.227,-0.041,0.19,0.19,0.33,0.0,0.24,1.14,0.27,1.47,0.14,0.0,0.24,0.67,0.0,0.0,0.14,0.0,0.0,0.0,0.0,0.0,0.0,0.0,0.0,0.0,1.0,0.0,0.0,0.0,1.0,0.0,0.0,0.0,0.0,0.0,0.0
922,923,30.733,0.98,1,-0.091821,0.26892,-0.958776,-0.286197,0.247792,-0.925576,-0.198,0.268,88.0,5.2,460.0,0.101,0.224,-0.042,0.26,0.2,0.37,0.0,0.21,1.13,0.26,1.4,0.09,0.0,0.38,0.61,0.0,0.0,0.13,0.0,0.03,0.0,0.0,0.0,0.0,0.0,0.0,0.0,1.0,0.0,0.0,0.0,1.0,0.0,0.0,0.0,0.0,0.0,0.0
923,924,30.767,0.98,1,-0.090584,0.272824,-0.95779,-0.281367,0.254315,-0.925287,-0.195,0.273,88.1,5.1,460.8,0.102,0.225,-0.041,0.24,0.05,0.35,0.0,0.24,1.26,0.25,1.47,0.13,0.0,0.31,0.59,0.0,0.0,0.11,0.0,0.1,0.0,0.0,0.0,0.0,0.0,0.0,0.0,1.0,0.0,0.0,0.0,1.0,0.0,0.0,0.0,0.0,0.0,0.0
924,925,30.8,0.98,1,-0.083946,0.274319,-0.957968,-0.270155,0.251525,-0.929382,-0.185,0.272,88.3,5.1,460.7,0.098,0.215,-0.041,0.19,0.05,0.4,0.0,0.28,1.32,0.26,1.56,0.16,0.0,0.25,0.52,0.0,0.0,0.0,0.0,0.22,0.0,0.0,0.0,0.0,0.0,0.0,0.0,1.0,0.0,0.0,0.0,1.0,0.0,0.0,0.0,0.0,0.0,0.0
925,926,30.833,0.98,1,-0.090376,0.2714,-0.958214,-0.268045,0.26046,-0.92753,-0.188,0.275,88.4,5.2,460.5,0.094,0.209,-0.045,0.21,0.0,0.38,0.0,0.34,1.35,0.2,1.53,0.15,0.0,0.19,0.48,0.0,0.0,0.11,0.0,0.24,0.0,0.0,0.0,0.0,0.0,0.0,0.0,1.0,0.0,0.0,0.0,1.0,0.0,0.0,0.0,0.0,0.0,1.0
926,927,30.867,0.98,1,-0.101795,0.271922,-0.95692,-0.281168,0.252882,-0.92574,-0.201,0.272,88.6,5.3,460.9,0.108,0.214,-0.048,0.21,0.04,0.33,0.0,0.36,1.26,0.18,1.51,0.15,0.0,0.24,0.44,0.0,0.0,0.29,0.0,0.32,0.0,0.0,0.0,0.0,0.0,0.0,0.0,1.0,0.0,0.0,0.0,1.0,0.0,0.0,0.0,0.0,0.0,0.0
927,928,30.9,0.98,1,-0.102077,0.270082,-0.957411,-0.277579,0.251269,-0.927261,-0.199,0.27,88.6,5.4,460.7,0.105,0.211,-0.046,0.39,0.09,0.36,0.0,0.3,1.17,0.09,1.49,0.13,0.0,0.39,0.52,0.0,0.0,0.39,0.0,0.23,0.0,0.0,0.0,0.0,0.0,0.0,0.0,1.0,0.0,0.0,0.0,1.0,0.0,0.0,0.0,0.0,0.0,0.0
928,929,30.933,0.98,1,-0.095984,0.267201,-0.958849,-0.271589,0.246765,-0.93024,-0.192,0.266,88.7,5.5,461.3,0.103,0.213,-0.047,0.47,0.33,0.47,0.0,0.3,1.1,0.1,1.48,0.16,0.0,0.45,0.53,0.0,0.0,0.4,0.0,0.24,0.0,0.0,0.0,0.0,0.0,0.0,0.0,1.0,0.0,0.0,0.0,1.0,0.0,0.0,0.0,0.0,0.0,0.0
929,930,30.967,0.98,1,-0.093846,0.273872,-0.957177,-0.285009,0.245149,-0.926645,-0.198,0.269,89.0,5.4,461.9,0.113,0.218,-0.051,0.49,0.35,0.63,0.0,0.36,1.23,0.11,1.5,0.26,0.0,0.43,0.49,0.0,0.0,0.45,0.0,0.16,0.0,0.0,0.0,0.0,0.0,0.0,0.0,1.0,0.0,0.0,0.0,1.0,0.0,0.0,0.0,0.0,0.0,0.0
930,931,31.0,0.98,1,-0.095584,0.274696,-0.956768,-0.285722,0.245469,-0.926341,-0.2,0.27,88.9,5.3,461.2,0.109,0.214,-0.05,0.43,0.41,0.62,0.0,0.47,1.13,0.18,1.55,0.38,0.0,0.36,0.42,0.0,0.0,0.52,0.0,0.24,0.0,0.0,0.0,0.0,0.0,0.0,0.0,1.0,0.0,0.0,0.0,1.0,0.0,0.0,0.0,0.0,0.0,0.0
931,932,31.033,0.98,1,-0.099237,0.268066,-0.958276,-0.274685,0.249764,-0.928529,-0.196,0.268,88.8,5.4,460.9,0.107,0.214,-0.052,0.37,0.3,0.61,0.0,0.5,1.11,0.14,1.6,0.42,0.0,0.23,0.41,0.02,0.0,0.63,0.0,0.24,0.0,0.0,0.0,0.0,0.0,0.0,0.0,1.0,0.0,0.0,0.0,1.0,0.0,0.0,0.0,0.0,0.0,1.0
932,933,31.067,0.98,1,-0.088942,0.2762,-0.956976,-0.277698,0.245113,-0.928872,-0.192,0.27,88.8,5.5,460.8,0.113,0.217,-0.054,0.32,0.24,0.49,0.0,0.5,1.05,0.12,1.66,0.38,0.0,0.2,0.53,0.03,0.0,0.72,0.06,0.26,0.0,0.0,0.0,0.0,0.0,0.0,0.0,1.0,0.0,0.0,0.0,1.0,0.0,0.0,0.0,0.0,0.0,0.0
933,934,31.1,0.98,1,-0.096055,0.270445,-0.957932,-0.275593,0.239718,-0.930905,-0.194,0.264,88.7,5.6,459.7,0.1,0.211,-0.048,0.22,0.13,0.36,0.0,0.48,1.21,0.06,1.67,0.36,0.0,0.04,0.61,0.03,0.0,0.83,0.27,0.16,0.0,0.0,0.0,0.0,0.0,0.0,0.0,1.0,0.0,0.0,0.0,1.0,0.0,0.0,0.0,0.0,0.0,0.0
934,935,31.133,0.98,1,-0.094091,0.269101,-0.958505,-0.273754,0.254834,-0.927426,-0.193,0.271,88.6,6.1,457.8,0.109,0.212,-0.053,0.2,0.07,0.35,0.01,0.49,1.24,0.1,1.8,0.36,0.0,0.04,0.7,0.0,0.0,0.9,0.39,0.11,0.0,0.0,0.0,0.0,0.0,0.0,0.0,1.0,0.0,0.0,0.0,1.0,0.0,0.0,0.0,0.0,0.0,0.0
935,936,31.167,0.98,1,-0.100394,0.262207,-0.959775,-0.27361,0.252698,-0.928052,-0.196,0.266,88.9,6.5,458.4,0.11,0.214,-0.052,0.18,0.07,0.47,0.01,0.5,1.18,0.09,1.75,0.42,0.0,0.01,0.67,0.0,0.0,0.91,0.45,0.0,0.0,0.0,0.0,0.0,0.0,0.0,0.0,1.0,0.0,0.0,0.0,1.0,0.0,0.0,0.0,0.0,0.0,1.0
936,937,31.2,0.98,1,-0.093308,0.269597,-0.958442,-0.275655,0.252784,-0.927424,-0.193,0.27,89.1,6.6,459.6,0.103,0.212,-0.046,0.4,0.28,0.62,0.01,0.43,1.05,0.08,1.79,0.37,0.0,0.09,0.7,0.0,0.0,0.79,0.33,0.24,0.0,0.0,0.0,0.0,0.0,0.0,0.0,1.0,0.0,0.0,0.0,1.0,0.0,0.0,0.0,0.0,0.0,1.0
937,938,31.233,0.98,1,-0.084929,0.269076,-0.959367,-0.298723,0.250481,-0.920882,-0.201,0.27,90.0,6.8,463.0,0.101,0.215,-0.047,0.69,0.32,0.52,0.1,0.24,1.13,0.03,1.72,0.42,0.0,0.09,0.68,0.0,0.0,0.79,0.3,0.92,0.0,0.0,0.0,0.0,0.0,0.0,0.0,1.0,0.0,0.0,0.0,1.0,0.0,0.0,0.0,0.0,0.0,1.0
938,939,31.267,0.98,1,-0.049606,0.331011,-0.942322,-0.324802,0.329275,-0.886613,-0.202,0.346,91.1,7.7,468.3,0.103,0.214,-0.044,1.03,0.6,0.4,0.17,0.07,1.03,0.01,1.65,0.38,0.0,0.08,0.6,0.0,0.0,0.79,0.17,1.57,0.0,0.0,0.0,0.0,0.0,0.0,0.0,1.0,0.0,0.0,0.0,1.0,0.0,0.0,0.0,0.0,0.0,1.0
939,940,31.3,0.98,1,-0.079219,0.335797,-0.938597,-0.288592,0.335138,-0.896882,-0.198,0.35,91.1,7.7,468.5,0.103,0.217,-0.042,1.01,0.46,0.38,0.17,0.06,1.08,0.01,1.56,0.44,0.0,0.0,0.46,0.0,0.0,0.66,0.08,1.75,0.0,1.0,0.0,0.0,0.0,0.0,0.0,1.0,0.0,0.0,0.0,0.0,0.0,0.0,0.0,0.0,0.0,1.0
940,941,31.333,0.98,1,-0.056996,0.310081,-0.949,-0.301856,0.3214,-0.897544,-0.192,0.33,90.4,7.1,463.5,0.094,0.213,-0.04,0.79,0.37,0.36,0.08,0.16,1.04,0.01,1.46,0.47,0.0,0.0,0.29,0.0,0.0,0.42,0.0,1.42,0.0,1.0,0.0,0.0,0.0,0.0,0.0,1.0,0.0,0.0,0.0,0.0,0.0,0.0,0.0,0.0,0.0,1.0
941,942,31.367,0.98,1,-0.082402,0.268752,-0.959678,-0.290938,0.283055,-0.913912,-0.197,0.286,90.8,6.9,465.1,0.101,0.215,-0.042,0.57,0.15,0.35,0.0,0.29,1.29,0.02,1.45,0.52,0.0,0.0,0.18,0.0,0.0,0.1,0.0,0.96,0.0,1.0,0.0,0.0,0.0,0.0,0.0,1.0,0.0,0.0,0.0,0.0,0.0,0.0,0.0,0.0,0.0,1.0
942,943,31.4,0.98,1,-0.09748,0.266403,-0.95892,-0.307733,0.24117,-0.920401,-0.212,0.264,90.6,6.9,463.8,0.097,0.215,-0.04,0.41,0.18,0.31,0.0,0.3,1.58,0.03,1.41,0.48,0.0,0.13,0.22,0.0,0.0,0.05,0.0,0.67,0.0,1.0,0.0,0.0,0.0,0.0,0.0,1.0,0.0,0.0,0.0,0.0,0.0,0.0,0.0,0.0,0.0,1.0
943,944,31.433,0.98,1,-0.135595,0.231779,-0.963272,-0.283379,0.20327,-0.937218,-0.217,0.225,90.4,6.7,462.1,0.1,0.22,-0.039,0.3,0.21,0.33,0.03,0.29,1.57,0.03,1.4,0.38,0.0,0.16,0.3,0.0,0.0,0.24,0.0,0.42,0.0,0.0,0.0,0.0,0.0,0.0,0.0,1.0,0.0,0.0,0.0,0.0,0.0,0.0,0.0,0.0,0.0,1.0
944,945,31.467,0.98,1,-0.144435,0.238672,-0.960299,-0.281335,0.220364,-0.933965,-0.221,0.238,90.4,7.0,461.1,0.109,0.221,-0.043,0.18,0.19,0.25,0.03,0.25,1.42,0.01,1.41,0.33,0.0,0.27,0.46,0.0,0.0,0.41,0.0,0.25,0.0,0.0,0.0,0.0,0.0,0.0,0.0,1.0,0.0,0.0,0.0,1.0,0.0,0.0,0.0,0.0,0.0,1.0
945,946,31.5,0.98,1,-0.159546,0.243505,-0.956687,-0.304194,0.198182,-0.931767,-0.241,0.23,90.6,7.6,461.7,0.116,0.222,-0.05,0.11,0.12,0.15,0.03,0.2,1.28,0.0,1.44,0.27,0.0,0.31,0.38,0.0,0.0,0.44,0.0,0.15,0.0,0.0,0.0,0.0,0.0,0.0,0.0,1.0,0.0,0.0,0.0,1.0,0.0,0.0,0.0,0.0,0.0,0.0
946,947,31.533,0.98,1,-0.148103,0.226211,-0.962753,-0.31979,0.178343,-0.930553,-0.242,0.211,90.6,7.7,460.5,0.108,0.22,-0.047,0.15,0.18,0.14,0.0,0.15,1.56,0.04,1.46,0.25,0.0,0.46,0.41,0.0,0.0,0.38,0.02,0.06,0.0,0.0,0.0,0.0,0.0,0.0,0.0,1.0,0.0,0.0,0.0,1.0,0.0,0.0,0.0,0.0,0.0,0.0
947,948,31.567,0.98,1,-0.154511,0.240972,-0.958154,-0.306251,0.206279,-0.929333,-0.239,0.233,90.5,7.6,459.5,0.113,0.22,-0.05,0.14,0.26,0.13,0.0,0.09,1.78,0.06,1.46,0.21,0.0,0.37,0.41,0.0,0.0,0.31,0.02,0.09,0.0,0.0,0.0,0.0,0.0,0.0,0.0,1.0,0.0,0.0,0.0,1.0,0.0,0.0,0.0,0.0,0.0,0.0
948,949,31.6,0.98,1,-0.152841,0.240735,-0.958481,-0.287125,0.20975,-0.934646,-0.228,0.234,90.6,7.7,459.3,0.115,0.222,-0.054,0.14,0.23,0.13,0.0,0.07,1.73,0.06,1.37,0.25,0.0,0.37,0.44,0.0,0.0,0.33,0.02,0.12,0.0,0.0,0.0,0.0,0.0,0.0,0.0,1.0,0.0,0.0,0.0,1.0,0.0,0.0,0.0,0.0,0.0,0.0
949,950,31.633,0.98,1,-0.145191,0.227983,-0.962779,-0.276613,0.206725,-0.938483,-0.218,0.225,90.9,7.4,459.6,0.106,0.216,-0.054,0.08,0.2,0.02,0.0,0.05,1.51,0.04,1.36,0.27,0.0,0.25,0.44,0.0,0.0,0.2,0.0,0.12,0.0,0.0,0.0,0.0,0.0,0.0,0.0,1.0,0.0,0.0,0.0,1.0,0.0,0.0,0.0,0.0,0.0,0.0
950,951,31.667,0.98,1,-0.157484,0.24122,-0.957607,-0.283503,0.214009,-0.934787,-0.229,0.236,90.7,6.8,459.3,0.112,0.219,-0.054,0.14,0.22,0.04,0.0,0.07,1.4,0.04,1.53,0.32,0.0,0.25,0.42,0.0,0.0,0.23,0.0,0.1,0.0,0.0,0.0,0.0,0.0,0.0,0.0,1.0,0.0,0.0,0.0,1.0,0.0,0.0,0.0,0.0,0.0,0.0
951,952,31.7,0.98,1,-0.148195,0.23621,-0.960335,-0.269444,0.215524,-0.938589,-0.216,0.234,90.5,7.0,458.6,0.113,0.221,-0.054,0.16,0.26,0.04,0.0,0.11,1.29,0.09,1.57,0.29,0.0,0.07,0.47,0.0,0.0,0.18,0.0,0.12,0.0,0.0,0.0,0.0,0.0,0.0,0.0,1.0,0.0,0.0,0.0,1.0,0.0,0.0,0.0,0.0,0.0,0.0
952,953,31.733,0.98,1,-0.136577,0.220072,-0.965875,-0.258849,0.234902,-0.936919,-0.205,0.235,89.7,7.0,455.8,0.107,0.218,-0.054,0.23,0.31,0.05,0.02,0.15,1.13,0.07,1.6,0.31,0.0,0.04,0.45,0.0,0.0,0.38,0.11,0.12,0.0,0.0,0.0,0.0,0.0,0.0,0.0,1.0,0.0,0.0,0.0,1.0,0.0,0.0,0.0,0.0,0.0,0.0
953,954,31.767,0.98,1,-0.144413,0.246826,-0.958239,-0.269129,0.225205,-0.936404,-0.215,0.244,89.5,7.0,456.3,0.122,0.219,-0.057,0.18,0.16,0.01,0.02,0.28,0.96,0.05,1.41,0.28,0.0,0.04,0.32,0.0,0.0,0.53,0.43,0.13,0.0,0.0,0.0,0.0,0.0,0.0,0.0,1.0,0.0,0.0,0.0,1.0,0.0,0.0,0.0,0.0,0.0,0.0
954,955,31.8,0.98,1,-0.15355,0.228683,-0.961315,-0.269843,0.222546,-0.936834,-0.219,0.233,88.9,7.3,456.5,0.112,0.22,-0.046,0.17,0.12,0.07,0.02,0.41,0.97,0.0,1.53,0.28,0.0,0.04,0.36,0.0,0.0,0.76,0.63,0.14,0.0,0.0,0.0,0.0,0.0,0.0,0.0,1.0,0.0,0.0,0.0,1.0,0.0,0.0,0.0,0.0,0.0,0.0
955,956,31.833,0.98,1,-0.143222,0.211078,-0.96692,-0.26847,0.194472,-0.943454,-0.212,0.209,88.5,7.4,456.3,0.11,0.219,-0.044,0.24,0.05,0.18,0.0,0.49,1.1,0.0,1.54,0.3,0.0,0.0,0.36,0.04,0.0,0.65,0.73,0.14,0.0,0.0,0.0,0.0,0.0,0.0,0.0,1.0,0.0,0.0,0.0,1.0,0.0,0.0,0.0,0.0,0.0,0.0
956,957,31.867,0.98,1,-0.143702,0.239759,-0.960138,-0.268635,0.213447,-0.939295,-0.214,0.234,88.4,7.3,457.3,0.124,0.224,-0.046,0.23,0.05,0.28,0.0,0.46,1.23,0.0,1.61,0.29,0.0,0.0,0.62,0.04,0.02,0.36,0.58,0.2,0.0,0.0,0.0,0.0,0.0,0.0,0.0,1.0,0.0,0.0,0.0,1.0,0.0,0.0,0.0,0.0,0.0,0.0
957,958,31.9,0.98,1,-0.155873,0.224227,-0.96199,-0.25824,0.20624,-0.94381,-0.214,0.222,88.5,6.5,458.0,0.098,0.224,-0.041,0.23,0.05,0.23,0.0,0.42,1.23,0.0,1.58,0.25,0.0,0.0,0.79,0.04,0.18,0.13,0.59,0.12,0.0,0.0,0.0,0.0,0.0,0.0,0.0,1.0,0.0,0.0,0.0,1.0,0.0,0.0,0.0,0.0,0.0,0.0
958,959,31.933,0.98,1,-0.160477,0.222569,-0.961619,-0.298543,0.17854,-0.937548,-0.237,0.208,88.3,5.7,457.6,0.085,0.217,-0.041,0.26,0.07,0.36,0.0,0.36,1.42,0.0,1.66,0.15,0.0,0.21,0.99,0.11,0.2,0.0,0.46,0.12,0.0,0.0,0.0,0.0,0.0,0.0,0.0,1.0,0.0,0.0,0.0,1.0,0.0,0.0,0.0,0.0,0.0,0.0
959,960,31.967,0.98,1,-0.150953,0.212749,-0.965376,-0.304775,0.19346,-0.932569,-0.236,0.211,88.2,4.8,458.4,0.084,0.219,-0.04,0.41,0.2,0.47,0.0,0.43,1.44,0.0,1.74,0.15,0.0,0.41,1.04,0.11,0.17,0.0,0.51,0.05,0.0,0.0,0.0,0.0,0.0,0.0,0.0,1.0,0.0,0.0,0.0,1.0,0.0,0.0,0.0,0.0,0.0,0.0
960,961,32.0,0.98,1,-0.143903,0.219566,-0.964926,-0.290505,0.194172,-0.936965,-0.225,0.214,88.2,3.9,457.5,0.079,0.216,-0.037,0.51,0.24,0.56,0.0,0.41,1.5,0.02,1.78,0.2,0.0,0.71,0.95,0.11,0.02,0.05,0.64,0.04,0.0,0.0,0.0,0.0,0.0,0.0,0.0,1.0,0.0,0.0,0.0,1.0,0.0,0.0,0.0,0.0,0.0,0.0
961,962,32.033,0.98,1,-0.153969,0.216595,-0.964044,-0.307041,0.178711,-0.934766,-0.238,0.205,87.3,3.0,454.4,0.073,0.218,-0.036,0.6,0.27,0.55,0.0,0.44,1.56,0.08,1.95,0.26,0.0,0.79,0.95,0.0,0.0,0.29,1.01,0.05,0.0,0.0,0.0,0.0,0.0,0.0,0.0,1.0,0.0,0.0,0.0,1.0,0.0,0.0,0.0,0.0,0.0,0.0
962,963,32.067,0.98,1,-0.165589,0.197163,-0.966285,-0.311388,0.172553,-0.934485,-0.246,0.192,86.6,2.0,454.3,0.065,0.231,-0.026,0.61,0.14,0.5,0.0,0.31,1.71,0.09,1.9,0.23,0.0,0.74,0.91,0.0,0.0,0.52,1.32,0.01,1.0,0.0,0.0,0.0,0.0,0.0,0.0,1.0,0.0,0.0,0.0,1.0,0.0,0.0,1.0,0.0,0.0,0.0
963,964,32.1,0.98,1,-0.168097,0.216057,-0.961802,-0.314121,0.177618,-0.93262,-0.249,0.205,85.9,1.4,453.5,0.062,0.237,-0.017,0.61,0.11,0.55,0.0,0.32,2.0,0.24,2.0,0.18,0.0,0.75,0.9,0.0,0.0,0.65,1.6,0.04,0.0,0.0,0.0,0.0,0.0,0.0,0.0,1.0,0.0,0.0,0.0,1.0,0.0,0.0,1.0,0.0,0.0,0.0
964,965,32.133,0.98,1,-0.160334,0.204545,-0.965637,-0.321726,0.177363,-0.930072,-0.249,0.199,85.1,0.8,452.9,0.05,0.24,-0.003,0.51,0.0,0.49,0.0,0.27,1.81,0.23,1.81,0.12,0.01,0.67,0.7,0.0,0.0,0.7,1.62,0.05,0.0,0.0,0.0,0.0,0.0,0.0,0.0,1.0,0.0,0.0,0.0,1.0,0.0,0.0,1.0,0.0,0.0,0.0
965,966,32.167,0.98,1,-0.18167,0.217857,-0.958923,-0.325256,0.183598,-0.927632,-0.263,0.21,84.8,0.7,454.2,0.063,0.246,0.004,0.41,0.0,0.49,0.0,0.37,1.82,0.27,1.75,0.09,0.01,0.51,0.66,0.03,0.0,0.74,1.6,0.05,0.0,0.0,0.0,0.0,0.0,0.0,0.0,1.0,0.0,0.0,0.0,1.0,0.0,0.0,1.0,0.0,0.0,0.0
966,967,32.2,0.98,1,-0.184212,0.21917,-0.958139,-0.327778,0.191496,-0.925144,-0.265,0.215,84.7,1.1,455.5,0.065,0.254,0.014,0.32,0.0,0.37,0.0,0.31,1.59,0.15,1.58,0.13,0.01,0.36,0.65,0.03,0.0,0.79,1.55,0.01,0.0,0.0,0.0,0.0,0.0,0.0,0.0,1.0,0.0,0.0,0.0,1.0,0.0,0.0,1.0,0.0,0.0,0.0
967,968,32.233,0.98,1,-0.171779,0.209899,-0.962515,-0.333941,0.190148,-0.923216,-0.262,0.209,84.5,1.4,454.0,0.058,0.251,0.02,0.19,0.0,0.28,0.0,0.33,1.54,0.1,1.47,0.2,0.0,0.3,0.66,0.03,0.0,0.73,1.41,0.08,0.0,0.0,0.0,0.0,0.0,0.0,0.0,1.0,0.0,0.0,0.0,1.0,0.0,0.0,1.0,0.0,0.0,0.0
968,969,32.267,0.98,1,-0.165439,0.233062,-0.958286,-0.331694,0.201128,-0.921698,-0.259,0.227,84.9,1.7,455.4,0.073,0.251,0.02,0.14,0.0,0.24,0.0,0.3,1.39,0.1,1.51,0.26,0.0,0.3,0.5,0.06,0.0,0.72,1.06,0.21,0.0,0.0,0.0,0.0,0.0,0.0,0.0,1.0,0.0,0.0,0.0,1.0,0.0,0.0,1.0,0.0,0.0,0.0
969,970,32.3,0.98,1,-0.178271,0.224663,-0.957991,-0.337147,0.214717,-0.91664,-0.268,0.23,85.3,2.2,456.5,0.083,0.258,0.018,0.14,0.0,0.19,0.0,0.37,1.41,0.13,1.48,0.28,0.0,0.27,0.39,0.15,0.0,0.64,0.69,0.21,0.0,0.0,0.0,0.0,0.0,0.0,0.0,1.0,0.0,0.0,0.0,1.0,0.0,0.0,1.0,0.0,0.0,0.0
970,971,32.333,0.98,1,-0.178026,0.218257,-0.959516,-0.343838,0.215341,-0.914004,-0.272,0.227,85.4,2.8,455.5,0.082,0.246,0.014,0.07,0.0,0.12,0.0,0.4,1.46,0.13,1.45,0.23,0.04,0.13,0.29,0.15,0.0,0.64,0.61,0.13,0.0,0.0,0.0,0.0,0.0,0.0,0.0,1.0,0.0,0.0,0.0,1.0,0.0,0.0,1.0,0.0,0.0,0.0
971,972,32.367,0.98,1,-0.176494,0.222752,-0.958766,-0.346513,0.214004,-0.913308,-0.272,0.229,85.7,3.0,455.8,0.09,0.247,0.008,0.04,0.0,0.08,0.0,0.45,1.38,0.08,1.46,0.29,0.16,0.15,0.29,0.09,0.0,0.7,0.64,0.0,0.0,0.0,0.0,0.0,0.0,0.0,0.0,1.0,0.0,0.0,0.0,1.0,0.0,0.0,1.0,0.0,0.0,0.0
972,973,32.4,0.98,1,-0.167776,0.223187,-0.960229,-0.338404,0.219433,-0.915058,-0.264,0.232,86.0,3.6,457.3,0.093,0.259,0.005,0.03,0.0,0.11,0.0,0.46,1.3,0.06,1.59,0.27,0.17,0.26,0.31,0.06,0.0,0.84,0.47,0.0,0.0,0.0,0.0,0.0,0.0,0.0,0.0,1.0,0.0,0.0,0.0,1.0,0.0,0.0,1.0,0.0,0.0,0.0
973,974,32.433,0.98,1,-0.172648,0.219458,-0.960224,-0.348446,0.212722,-0.912872,-0.271,0.227,86.3,3.8,458.5,0.088,0.256,0.01,0.04,0.08,0.35,0.0,0.47,1.33,0.08,1.57,0.26,0.19,0.26,0.42,0.16,0.0,0.81,0.23,0.0,0.0,0.0,0.0,0.0,0.0,0.0,0.0,1.0,0.0,0.0,0.0,1.0,0.0,0.0,1.0,0.0,0.0,0.0
974,975,32.467,0.98,1,-0.155116,0.230747,-0.96057,-0.345456,0.2111,-0.914383,-0.261,0.231,86.7,4.0,459.2,0.096,0.256,0.006,0.03,0.14,0.42,0.0,0.48,1.34,0.16,1.51,0.24,0.12,0.24,0.51,0.2,0.0,0.82,0.14,0.0,0.0,0.0,0.0,0.0,0.0,0.0,0.0,1.0,0.0,0.0,0.0,1.0,0.0,0.0,1.0,0.0,0.0,0.0
975,976,32.5,0.98,1,-0.158604,0.224853,-0.961398,-0.343974,0.214198,-0.914222,-0.262,0.23,86.7,4.0,458.6,0.089,0.256,0.007,0.03,0.14,0.41,0.0,0.46,1.28,0.19,1.39,0.2,0.1,0.1,0.66,0.17,0.0,0.82,0.11,0.0,0.0,0.0,0.0,0.0,0.0,0.0,0.0,1.0,0.0,0.0,0.0,1.0,0.0,0.0,1.0,0.0,0.0,0.0
976,977,32.533,0.98,1,-0.161189,0.218595,-0.962411,-0.342192,0.207428,-0.916449,-0.262,0.223,86.8,4.0,457.8,0.08,0.255,0.008,0.02,0.06,0.34,0.0,0.41,1.17,0.26,1.41,0.17,0.04,0.11,0.6,0.1,0.0,0.81,0.11,0.04,0.0,0.0,0.0,0.0,0.0,0.0,0.0,1.0,0.0,0.0,0.0,1.0,0.0,0.0,0.0,0.0,0.0,0.0
977,978,32.567,0.98,1,-0.165796,0.219213,-0.961487,-0.347112,0.217103,-0.912348,-0.267,0.229,87.1,4.1,458.4,0.089,0.255,0.007,0.01,0.0,0.35,0.0,0.33,1.26,0.28,1.38,0.06,0.0,0.11,0.57,0.12,0.0,0.76,0.02,0.04,0.0,0.0,0.0,0.0,0.0,0.0,0.0,1.0,0.0,0.0,0.0,1.0,0.0,0.0,0.0,0.0,0.0,0.0
978,979,32.6,0.98,1,-0.175806,0.218899,-0.959779,-0.344829,0.20905,-0.915091,-0.271,0.224,87.5,4.0,460.5,0.086,0.268,0.01,0.01,0.0,0.44,0.0,0.31,1.38,0.34,1.35,0.05,0.0,0.08,0.55,0.08,0.0,0.47,0.0,0.04,0.0,0.0,0.0,0.0,0.0,0.0,0.0,1.0,0.0,0.0,0.0,1.0,0.0,0.0,0.0,0.0,0.0,0.0
979,980,32.633,0.98,1,-0.182693,0.224076,-0.957295,-0.343003,0.210397,-0.915468,-0.274,0.228,87.6,3.7,459.8,0.076,0.264,0.015,0.0,0.0,0.45,0.0,0.28,1.39,0.33,1.17,0.03,0.0,0.09,0.57,0.07,0.0,0.31,0.0,0.0,0.0,0.0,0.0,0.0,0.0,0.0,0.0,1.0,0.0,0.0,0.0,1.0,0.0,0.0,0.0,0.0,0.0,0.0
980,981,32.667,0.98,1,-0.162843,0.223243,-0.961064,-0.343598,0.200226,-0.917524,-0.263,0.222,88.0,3.5,461.1,0.079,0.264,0.015,0.05,0.0,0.32,0.0,0.24,1.28,0.26,1.03,0.03,0.0,0.09,0.68,0.0,0.0,0.04,0.0,0.0,0.0,0.0,0.0,0.0,0.0,0.0,0.0,1.0,0.0,0.0,0.0,1.0,0.0,0.0,0.0,0.0,0.0,0.0
981,982,32.7,0.98,1,-0.146816,0.222126,-0.963901,-0.348654,0.217542,-0.911656,-0.258,0.23,88.0,3.3,460.8,0.073,0.266,0.02,0.07,0.0,0.32,0.0,0.18,1.18,0.19,0.94,0.01,0.0,0.17,0.72,0.0,0.0,0.04,0.18,0.0,0.0,0.0,0.0,0.0,0.0,0.0,0.0,0.0,0.0,0.0,0.0,1.0,0.0,0.0,0.0,0.0,0.0,0.0
982,983,32.733,0.98,1,-0.150331,0.222622,-0.963244,-0.351331,0.205322,-0.91346,-0.261,0.224,88.2,3.2,459.8,0.068,0.263,0.02,0.11,0.0,0.25,0.0,0.13,1.16,0.11,0.98,0.01,0.0,0.31,0.74,0.0,0.0,0.0,0.18,0.0,0.0,0.0,0.0,0.0,0.0,0.0,0.0,0.0,0.0,0.0,0.0,1.0,0.0,0.0,0.0,0.0,0.0,0.0
983,984,32.767,0.98,1,-0.151893,0.223159,-0.962875,-0.336308,0.198836,-0.920522,-0.254,0.22,88.3,3.3,460.1,0.068,0.264,0.022,0.09,0.0,0.33,0.0,0.1,1.06,0.08,0.96,0.01,0.0,0.38,0.74,0.0,0.0,0.03,0.18,0.0,0.0,0.0,0.0,0.0,0.0,0.0,0.0,0.0,0.0,0.0,0.0,1.0,0.0,0.0,0.0,0.0,0.0,0.0
984,985,32.8,0.98,1,-0.153523,0.216649,-0.964103,-0.328615,0.19888,-0.923287,-0.25,0.217,88.7,3.2,461.1,0.063,0.264,0.026,0.06,0.0,0.31,0.0,0.12,1.05,0.0,0.92,0.0,0.0,0.43,0.73,0.0,0.0,0.09,0.03,0.04,0.0,0.0,0.0,0.0,0.0,0.0,0.0,0.0,0.0,0.0,0.0,1.0,0.0,0.0,0.0,0.0,0.0,0.0
985,986,32.833,0.98,1,-0.151738,0.215038,-0.964746,-0.333134,0.20143,-0.921112,-0.252,0.217,88.9,3.1,461.0,0.061,0.263,0.023,0.06,0.0,0.33,0.0,0.12,1.07,0.0,0.81,0.0,0.0,0.37,0.81,0.0,0.0,0.09,0.03,0.04,0.0,0.0,0.0,0.0,0.0,0.0,0.0,0.0,0.0,0.0,0.0,1.0,0.0,0.0,0.0,0.0,0.0,0.0
986,987,32.867,0.98,1,-0.15706,0.21931,-0.962931,-0.337279,0.201326,-0.919625,-0.257,0.22,88.9,3.0,461.2,0.062,0.261,0.027,0.04,0.0,0.26,0.0,0.14,1.08,0.0,0.69,0.0,0.0,0.3,0.81,0.0,0.0,0.13,0.03,0.06,0.0,0.0,0.0,0.0,0.0,0.0,0.0,0.0,0.0,0.0,0.0,1.0,0.0,0.0,0.0,0.0,0.0,0.0
987,988,32.9,0.98,1,-0.153715,0.209099,-0.965738,-0.326756,0.195716,-0.924622,-0.249,0.211,89.1,2.9,461.3,0.057,0.257,0.028,0.04,0.0,0.18,0.0,0.19,1.15,0.06,0.75,0.0,0.0,0.12,0.93,0.0,0.0,0.07,0.0,0.02,0.0,0.0,0.0,0.0,0.0,0.0,0.0,0.0,0.0,0.0,0.0,1.0,0.0,0.0,0.0,0.0,0.0,0.0
988,989,32.933,0.98,1,-0.150194,0.209026,-0.966307,-0.329435,0.197535,-0.923283,-0.249,0.212,89.1,2.8,461.1,0.057,0.259,0.026,0.0,0.0,0.22,0.01,0.23,1.19,0.06,0.86,0.0,0.0,0.08,0.96,0.0,0.0,0.09,0.0,0.13,0.0,0.0,0.0,0.0,0.0,0.0,0.0,1.0,0.0,0.0,0.0,1.0,0.0,0.0,0.0,0.0,0.0,0.0
989,990,32.967,0.98,1,-0.150101,0.215728,-0.964848,-0.303229,0.202078,-0.931245,-0.235,0.217,89.3,3.0,460.9,0.058,0.252,0.027,0.0,0.0,0.27,0.01,0.32,1.29,0.08,0.98,0.0,0.0,0.08,0.93,0.0,0.0,0.02,0.0,0.16,0.0,0.0,0.0,0.0,0.0,0.0,0.0,1.0,0.0,0.0,0.0,1.0,0.0,0.0,0.0,0.0,0.0,0.0
990,991,33.0,0.98,1,-0.115544,0.206461,-0.971609,-0.299654,0.198652,-0.933137,-0.215,0.21,90.0,3.3,463.1,0.06,0.246,0.028,0.05,0.0,0.41,0.01,0.36,1.25,0.02,0.94,0.0,0.0,0.16,0.74,0.0,0.0,0.04,0.0,0.22,0.0,0.0,0.0,0.0,0.0,0.0,0.0,1.0,0.0,0.0,0.0,1.0,0.0,0.0,0.0,0.0,0.0,0.0
991,992,33.033,0.98,1,-0.11532,0.221883,-0.96823,-0.282277,0.21008,-0.936048,-0.206,0.223,90.1,4.1,461.2,0.078,0.234,0.018,0.05,0.0,0.31,0.0,0.53,1.41,0.02,1.08,0.03,0.0,0.22,0.74,0.03,0.0,0.3,0.14,0.2,0.0,0.0,0.0,0.0,0.0,0.0,0.0,1.0,0.0,0.0,0.0,1.0,0.0,0.0,0.0,0.0,0.0,0.0
992,993,33.067,0.98,1,-0.110265,0.234482,-0.965847,-0.286058,0.234099,-0.929176,-0.206,0.242,90.0,5.0,460.2,0.092,0.231,0.012,0.05,0.0,0.34,0.0,0.53,1.42,0.0,1.23,0.05,0.0,0.4,0.69,0.03,0.0,0.55,0.16,0.26,0.0,0.0,0.0,0.0,0.0,0.0,0.0,1.0,0.0,0.0,0.0,1.0,0.0,0.0,0.0,0.0,0.0,0.0
993,994,33.1,0.98,1,-0.113535,0.231419,-0.966207,-0.263411,0.221449,-0.938922,-0.195,0.233,90.1,5.5,459.7,0.086,0.226,0.008,0.0,0.0,0.35,0.0,0.51,1.45,0.0,1.32,0.11,0.0,0.42,0.72,0.03,0.0,0.82,0.2,0.27,0.0,0.0,0.0,0.0,0.0,0.0,0.0,1.0,0.0,0.0,0.0,1.0,0.0,0.0,0.0,0.0,0.0,0.0
994,995,33.133,0.98,1,-0.128535,0.233221,-0.963891,-0.263297,0.222441,-0.93872,-0.203,0.235,90.2,5.7,459.3,0.103,0.222,0.003,0.01,0.0,0.37,0.0,0.41,1.4,0.0,1.38,0.15,0.0,0.36,0.68,0.03,0.0,0.88,0.08,0.21,0.0,0.0,0.0,0.0,0.0,0.0,0.0,1.0,0.0,0.0,0.0,1.0,0.0,0.0,0.0,0.0,0.0,0.0
995,996,33.167,0.98,1,-0.120327,0.224921,-0.966919,-0.255975,0.222195,-0.940801,-0.195,0.23,90.2,5.9,460.0,0.1,0.219,0.003,0.01,0.0,0.35,0.0,0.39,1.36,0.0,1.35,0.19,0.0,0.32,0.66,0.06,0.0,0.89,0.13,0.26,0.0,0.0,0.0,0.0,0.0,0.0,0.0,1.0,0.0,0.0,0.0,1.0,0.0,0.0,0.0,0.0,0.0,0.0
996,997,33.2,0.98,1,-0.12155,0.237152,-0.963839,-0.255788,0.203797,-0.945008,-0.195,0.227,89.9,5.8,459.5,0.089,0.219,0.007,0.01,0.0,0.45,0.0,0.43,1.39,0.0,1.31,0.14,0.0,0.32,0.68,0.06,0.0,0.62,0.18,0.22,0.0,0.0,0.0,0.0,0.0,0.0,0.0,1.0,0.0,0.0,0.0,1.0,0.0,0.0,0.0,0.0,0.0,0.0
997,998,33.233,0.98,1,-0.120482,0.251675,-0.960283,-0.247654,0.229732,-0.941218,-0.191,0.248,89.9,5.4,459.3,0.086,0.213,0.006,0.0,0.0,0.52,0.02,0.4,1.31,0.0,1.19,0.08,0.0,0.33,0.67,0.07,0.01,0.28,0.16,0.29,0.0,0.0,0.0,0.0,0.0,0.0,0.0,1.0,0.0,0.0,0.0,1.0,0.0,0.0,0.0,0.0,0.0,0.0
998,999,33.267,0.98,1,-0.11892,0.245439,-0.96209,-0.253035,0.238646,-0.937562,-0.193,0.25,89.9,5.1,459.7,0.082,0.216,0.008,0.0,0.0,0.48,0.02,0.37,1.32,0.0,1.2,0.07,0.0,0.26,0.77,0.03,0.06,0.02,0.16,0.13,0.0,0.0,0.0,0.0,0.0,0.0,0.0,1.0,0.0,0.0,0.0,1.0,0.0,0.0,0.0,0.0,0.0,0.0
999,1000,33.3,0.98,1,-0.116084,0.240176,-0.963763,-0.256071,0.228526,-0.939257,-0.193,0.241,90.1,5.1,459.7,0.076,0.214,0.009,0.0,0.0,0.25,0.02,0.24,1.23,0.0,1.29,0.05,0.0,0.14,0.7,0.03,0.17,0.0,0.18,0.14,0.0,0.0,0.0,0.0,0.0,0.0,0.0,1.0,0.0,0.0,0.0,1.0,0.0,0.0,0.0,0.0,0.0,0.0
1000,1001,33.333,0.98,1,-0.122091,0.245394,-0.961705,-0.261816,0.252329,-0.931548,-0.2,0.257,90.0,5.0,459.2,0.082,0.212,0.011,0.0,0.0,0.08,0.0,0.29,1.32,0.0,1.32,0.05,0.0,0.07,0.63,0.07,0.2,0.0,0.18,0.1,0.0,0.0,0.0,0.0,0.0,0.0,0.0,1.0,0.0,0.0,0.0,1.0,0.0,0.0,0.0,0.0,0.0,0.0
1001,1002,33.367,0.98,1,-0.126308,0.235387,-0.963659,-0.259746,0.238299,-0.935813,-0.201,0.244,90.0,5.2,459.2,0.081,0.212,0.012,0.02,0.0,0.02,0.0,0.37,1.29,0.0,1.38,0.01,0.0,0.08,0.54,0.07,0.19,0.0,0.17,0.1,0.0,0.0,0.0,0.0,0.0,0.0,0.0,1.0,0.0,0.0,0.0,1.0,0.0,0.0,0.0,0.0,0.0,0.0
1002,1003,33.4,0.98,1,-0.138066,0.246141,-0.95935,-0.249622,0.243144,-0.937321,-0.202,0.252,89.4,6.1,456.7,0.087,0.208,0.01,0.02,0.0,0.07,0.0,0.5,1.39,0.04,1.53,0.07,0.0,0.12,0.57,0.07,0.07,0.17,0.37,0.06,0.0,0.0,0.0,0.0,0.0,0.0,0.0,1.0,0.0,0.0,0.0,1.0,0.0,0.0,0.0,0.0,0.0,0.0
1003,1004,33.433,0.98,1,-0.135526,0.257964,-0.956602,-0.254074,0.248087,-0.934826,-0.203,0.261,88.7,6.5,455.6,0.104,0.221,0.006,0.12,0.0,0.27,0.0,0.61,1.31,0.04,1.78,0.2,0.0,0.13,0.63,0.0,0.04,0.44,0.69,0.01,0.0,0.0,0.0,0.0,0.0,0.0,0.0,1.0,0.0,0.0,0.0,1.0,0.0,0.0,0.0,0.0,0.0,0.0
1004,1005,33.467,0.98,1,-0.126939,0.26778,-0.955081,-0.259001,0.257074,-0.931038,-0.202,0.271,88.2,6.9,457.1,0.112,0.238,0.004,0.11,0.0,0.42,0.0,0.63,1.36,0.04,1.8,0.27,0.0,0.07,0.69,0.0,0.0,0.67,1.0,0.06,0.0,0.0,0.0,0.0,0.0,0.0,0.0,1.0,0.0,0.0,0.0,1.0,0.0,0.0,0.0,0.0,0.0,0.0
1005,1006,33.5,0.98,1,-0.121169,0.251225,-0.960314,-0.257748,0.2445,-0.934765,-0.197,0.256,88.2,7.3,457.1,0.103,0.235,0.007,0.11,0.0,0.5,0.0,0.64,1.41,0.01,1.75,0.29,0.0,0.03,0.63,0.0,0.0,0.75,0.94,0.05,0.0,0.0,0.0,0.0,0.0,0.0,0.0,1.0,0.0,0.0,0.0,0.0,0.0,0.0,0.0,0.0,0.0,0.0
1006,1007,33.533,0.98,1,-0.130051,0.249881,-0.959503,-0.254594,0.246674,-0.935058,-0.2,0.256,88.2,7.4,456.1,0.102,0.227,0.008,0.01,0.01,0.38,0.0,0.62,1.51,0.01,1.67,0.22,0.0,0.02,0.62,0.0,0.0,0.72,0.91,0.05,0.0,0.0,0.0,0.0,0.0,0.0,0.0,1.0,0.0,0.0,0.0,0.0,0.0,0.0,0.0,0.0,0.0,0.0
1007,1008,33.567,0.98,1,-0.126449,0.248719,-0.960286,-0.242591,0.261847,-0.934123,-0.192,0.263,88.2,7.3,456.7,0.104,0.229,0.009,0.0,0.01,0.29,0.0,0.6,1.62,0.09,1.74,0.18,0.0,0.0,0.47,0.0,0.0,0.68,0.7,0.03,0.0,0.0,0.0,0.0,0.0,0.0,0.0,1.0,0.0,0.0,0.0,0.0,0.0,0.0,0.0,0.0,0.0,0.0
1008,1009,33.6,0.98,1,-0.128434,0.246818,-0.960513,-0.250584,0.246076,-0.936298,-0.197,0.254,88.5,7.2,456.5,0.088,0.223,0.013,0.0,0.01,0.2,0.0,0.58,1.7,0.1,1.74,0.16,0.0,0.02,0.43,0.01,0.0,0.57,0.65,0.03,0.0,0.0,0.0,0.0,0.0,0.0,0.0,1.0,0.0,0.0,0.0,0.0,0.0,0.0,0.0,0.0,0.0,0.0
1009,1010,33.633,0.98,1,-0.134637,0.253844,-0.957829,-0.24848,0.236118,-0.939418,-0.199,0.253,88.9,7.1,456.4,0.096,0.221,0.008,0.0,0.0,0.18,0.0,0.53,1.54,0.16,1.72,0.13,0.0,0.02,0.32,0.07,0.0,0.56,0.41,0.06,0.0,0.0,0.0,0.0,0.0,0.0,0.0,1.0,0.0,0.0,0.0,0.0,0.0,0.0,0.0,0.0,0.0,0.0
1010,1011,33.667,0.98,1,-0.131369,0.263634,-0.955635,-0.24616,0.251242,-0.9361,-0.197,0.266,89.1,6.9,456.5,0.104,0.225,0.005,0.0,0.0,0.21,0.0,0.58,1.64,0.2,1.64,0.16,0.0,0.02,0.39,0.15,0.0,0.67,0.34,0.04,0.0,0.0,0.0,0.0,0.0,0.0,0.0,1.0,0.0,0.0,0.0,0.0,0.0,0.0,0.0,0.0,0.0,0.0
1011,1012,33.7,0.98,1,-0.13211,0.240511,-0.961614,-0.263635,0.224775,-0.938069,-0.205,0.24,89.4,6.5,455.1,0.092,0.217,0.006,0.0,0.0,0.24,0.0,0.62,1.61,0.27,1.55,0.14,0.0,0.0,0.55,0.14,0.0,0.67,0.27,0.04,0.0,0.0,0.0,0.0,0.0,0.0,0.0,1.0,0.0,0.0,0.0,0.0,0.0,0.0,0.0,0.0,0.0,0.0
1012,1013,33.733,0.98,1,-0.1196,0.211125,-0.970115,-0.262547,0.194967,-0.945017,-0.197,0.209,89.4,6.3,453.4,0.097,0.223,0.004,0.0,0.0,0.26,0.0,0.64,1.7,0.21,1.48,0.1,0.0,0.0,0.72,0.08,0.0,0.68,0.4,0.0,0.0,0.0,0.0,0.0,0.0,0.0,0.0,1.0,0.0,0.0,0.0,0.0,0.0,0.0,0.0,0.0,0.0,0.0
1013,1014,33.767,0.98,1,-0.108326,0.185886,-0.976582,-0.23327,0.196142,-0.952425,-0.175,0.196,89.7,6.1,453.2,0.096,0.221,0.002,0.0,0.0,0.23,0.0,0.57,1.6,0.18,1.47,0.04,0.0,0.05,0.72,0.0,0.04,0.67,0.47,0.0,0.0,0.0,0.0,0.0,0.0,0.0,0.0,1.0,0.0,0.0,0.0,1.0,0.0,0.0,0.0,0.0,0.0,0.0
1014,1015,33.8,0.98,1,-0.10046,0.161219,-0.981792,-0.223551,0.199804,-0.953993,-0.166,0.184,89.8,6.0,453.1,0.09,0.217,0.004,0.0,0.0,0.14,0.03,0.51,1.52,0.13,1.4,0.04,0.0,0.05,0.65,0.0,0.11,0.71,0.44,0.0,0.0,0.0,0.0,0.0,0.0,0.0,0.0,1.0,0.0,0.0,0.0,1.0,0.0,0.0,0.0,0.0,0.0,0.0
1015,1016,33.833,0.98,1,-0.090324,0.163569,-0.982388,-0.227563,0.188664,-0.955312,-0.163,0.18,89.9,6.0,452.3,0.094,0.213,-0.001,0.0,0.0,0.08,0.1,0.54,1.53,0.13,1.31,0.09,0.0,0.05,0.56,0.0,0.11,0.67,0.31,0.0,0.0,0.0,0.0,0.0,0.0,0.0,0.0,1.0,0.0,0.0,0.0,1.0,0.0,0.0,0.0,0.0,0.0,0.0
1016,1017,33.867,0.98,1,-0.091602,0.15531,-0.98361,-0.229495,0.186594,-0.955256,-0.164,0.175,89.9,6.2,452.8,0.1,0.227,-0.005,0.0,0.0,0.0,0.1,0.55,1.58,0.04,1.16,0.12,0.0,0.0,0.65,0.0,0.07,0.52,0.21,0.0,0.0,0.0,0.0,0.0,0.0,0.0,0.0,1.0,0.0,0.0,0.0,1.0,0.0,0.0,0.0,0.0,0.0,0.0
1017,1018,33.9,0.98,1,-0.088544,0.154237,-0.984058,-0.225514,0.191931,-0.955147,-0.161,0.177,89.9,6.3,452.4,0.097,0.223,-0.005,0.0,0.0,0.01,0.07,0.58,1.58,0.0,1.19,0.16,0.0,0.02,0.53,0.0,0.01,0.39,0.12,0.0,0.0,0.0,0.0,0.0,0.0,0.0,0.0,1.0,0.0,0.0,0.0,1.0,0.0,0.0,0.0,0.0,0.0,0.0
1018,1019,33.933,0.98,1,-0.104202,0.156309,-0.982196,-0.220359,0.193759,-0.955981,-0.166,0.179,90.1,6.5,452.1,0.103,0.218,-0.007,0.0,0.0,0.07,0.07,0.58,1.58,0.0,1.29,0.21,0.0,0.07,0.59,0.0,0.03,0.43,0.22,0.0,0.0,0.0,0.0,0.0,0.0,0.0,0.0,1.0,0.0,0.0,0.0,1.0,0.0,0.0,1.0,0.0,0.0,0.0
1019,1020,33.967,0.98,1,-0.095198,0.14755,-0.984462,-0.211313,0.165091,-0.963375,-0.156,0.159,90.7,7.4,453.4,0.113,0.217,-0.01,0.0,0.0,0.12,0.13,0.57,1.51,0.0,1.36,0.2,0.0,0.12,0.45,0.0,0.04,0.63,0.22,0.0,0.0,0.0,0.0,0.0,0.0,0.0,0.0,1.0,0.0,0.0,0.0,1.0,0.0,0.0,1.0,0.0,0.0,0.0
1020,1021,34.0,0.98,1,-0.090865,0.144632,-0.985305,-0.193594,0.147395,-0.969947,-0.144,0.148,90.7,7.7,453.0,0.107,0.21,-0.006,0.0,0.0,0.12,0.17,0.53,1.47,0.0,1.38,0.14,0.0,0.12,0.43,0.0,0.02,0.83,0.38,0.0,0.0,0.0,0.0,0.0,0.0,0.0,0.0,1.0,0.0,0.0,0.0,0.0,0.0,0.0,1.0,0.0,0.0,0.0
1021,1022,34.033,0.98,1,-0.110268,0.147811,-0.982849,-0.212889,0.134535,-0.96777,-0.164,0.144,90.7,8.0,452.6,0.113,0.21,-0.007,0.0,0.0,0.14,0.4,0.49,1.48,0.0,1.34,0.11,0.0,0.08,0.33,0.0,0.0,0.83,0.48,0.0,0.0,0.0,0.0,0.0,0.0,0.0,0.0,1.0,0.0,0.0,0.0,0.0,0.0,0.0,0.0,0.0,0.0,0.0
1022,1023,34.067,0.98,1,-0.079466,0.158378,-0.984176,-0.208881,0.199615,-0.957352,-0.147,0.182,90.6,8.4,452.7,0.119,0.209,-0.008,0.0,0.0,0.16,0.33,0.41,1.17,0.0,1.25,0.1,0.0,0.04,0.34,0.0,0.0,0.75,0.48,0.0,0.0,0.0,0.0,0.0,0.0,0.0,0.0,1.0,0.0,0.0,0.0,0.0,0.0,0.0,0.0,0.0,0.0,0.0
1023,1024,34.1,0.98,1,-0.085204,0.157296,-0.983869,-0.223279,0.168866,-0.960016,-0.157,0.166,90.8,8.6,453.9,0.105,0.205,-0.004,0.0,0.0,0.18,0.28,0.39,0.97,0.03,1.22,0.14,0.0,0.02,0.28,0.0,0.0,0.74,0.39,0.0,0.0,0.0,0.0,0.0,0.0,0.0,0.0,1.0,0.0,0.0,0.0,0.0,0.0,0.0,0.0,0.0,0.0,0.0
1024,1025,34.133,0.98,1,-0.074465,0.172164,-0.98225,-0.22708,0.188493,-0.955461,-0.154,0.184,91.2,8.7,456.1,0.105,0.206,-0.003,0.21,0.15,0.31,0.0,0.33,1.05,0.07,1.29,0.15,0.0,0.0,0.3,0.0,0.0,0.83,0.29,0.52,0.0,0.0,0.0,0.0,0.0,0.0,0.0,1.0,0.0,0.0,0.0,0.0,0.0,0.0,0.0,0.0,0.0,0.0
1025,1026,34.167,0.98,1,-0.017712,0.327586,-0.944655,-0.26935,0.333552,-0.903435,-0.154,0.344,92.2,9.4,461.7,0.114,0.199,-0.005,0.41,0.17,0.36,0.0,0.27,1.19,0.07,1.38,0.22,0.0,0.04,0.31,0.0,0.0,0.92,0.3,1.07,0.0,0.0,0.0,0.0,0.0,0.0,0.0,1.0,0.0,0.0,0.0,0.0,0.0,0.0,0.0,0.0,0.0,0.0
1026,1027,34.2,0.98,1,-0.023409,0.337099,-0.941178,-0.255977,0.33398,-0.907157,-0.15,0.348,92.5,9.6,462.4,0.107,0.2,-0.006,0.58,0.36,0.45,0.0,0.27,1.43,0.11,1.46,0.24,0.0,0.1,0.43,0.06,0.0,0.95,0.4,1.4,0.0,0.0,0.0,0.0,0.0,0.0,0.0,1.0,0.0,0.0,0.0,0.0,0.0,0.0,0.0,0.0,0.0,0.0
1027,1028,34.233,0.98,1,-0.026008,0.306365,-0.951559,-0.244936,0.328015,-0.912366,-0.144,0.328,92.7,9.3,461.1,0.105,0.196,-0.008,0.43,0.21,0.28,0.0,0.34,1.45,0.09,1.39,0.17,0.0,0.13,0.39,0.06,0.0,0.79,0.37,0.88,0.0,0.0,0.0,0.0,0.0,0.0,0.0,1.0,0.0,0.0,0.0,0.0,0.0,0.0,0.0,0.0,0.0,0.0
1028,1029,34.267,0.98,1,-0.041411,0.256789,-0.96558,-0.221466,0.256971,-0.940701,-0.137,0.263,92.6,8.9,457.9,0.105,0.186,-0.008,0.24,0.19,0.26,0.0,0.38,1.45,0.09,1.33,0.09,0.0,0.08,0.36,0.06,0.0,0.64,0.33,0.33,0.0,0.0,0.0,0.0,0.0,0.0,0.0,1.0,0.0,0.0,0.0,0.0,0.0,0.0,0.0,0.0,0.0,0.0
1029,1030,34.3,0.98,1,-0.061435,0.192951,-0.979283,-0.216143,0.194322,-0.956829,-0.142,0.197,92.4,8.6,456.1,0.094,0.187,-0.005,0.07,0.01,0.14,0.0,0.39,1.31,0.03,1.25,0.03,0.0,0.07,0.35,0.0,0.0,0.54,0.23,0.0,0.0,0.0,0.0,0.0,0.0,0.0,0.0,1.0,0.0,0.0,0.0,0.0,0.0,0.0,0.0,0.0,0.0,0.0
1030,1031,34.333,0.98,1,-0.085604,0.149573,-0.985038,-0.204483,0.174069,-0.963269,-0.148,0.165,92.0,8.4,454.0,0.094,0.189,-0.005,0.01,0.01,0.15,0.0,0.38,1.17,0.0,1.21,0.01,0.0,0.05,0.48,0.0,0.03,0.44,0.26,0.0,0.0,0.0,0.0,0.0,0.0,0.0,0.0,1.0,0.0,0.0,0.0,0.0,0.0,0.0,0.0,0.0,0.0,0.0
1031,1032,34.367,0.98,1,-0.103491,0.168284,-0.980291,-0.202106,0.182836,-0.962146,-0.156,0.179,91.9,8.2,453.9,0.098,0.191,-0.006,0.0,0.0,0.05,0.0,0.42,1.22,0.0,1.23,0.05,0.0,0.05,0.57,0.05,0.05,0.34,0.24,0.0,0.0,0.0,0.0,0.0,0.0,0.0,0.0,1.0,0.0,0.0,0.0,0.0,0.0,0.0,0.0,0.0,0.0,0.0
1032,1033,34.4,0.98,1,-0.093164,0.135995,-0.986319,-0.195617,0.171611,-0.965548,-0.147,0.156,91.7,8.3,454.0,0.095,0.192,-0.003,0.02,0.09,0.05,0.0,0.33,1.04,0.0,1.03,0.06,0.0,0.01,0.57,0.09,0.09,0.16,0.18,0.0,0.0,0.0,0.0,0.0,0.0,0.0,0.0,1.0,0.0,0.0,0.0,0.0,0.0,0.0,0.0,0.0,0.0,0.0
1033,1034,34.433,0.98,1,-0.117436,0.156021,-0.980748,-0.258434,0.207778,-0.943419,-0.193,0.187,90.7,8.7,453.3,0.095,0.197,-0.001,0.05,0.09,0.0,0.0,0.32,0.86,0.0,0.9,0.07,0.0,0.0,0.46,0.09,0.06,0.08,0.03,0.0,0.0,0.0,0.0,0.0,0.0,0.0,0.0,1.0,0.0,0.0,0.0,0.0,0.0,0.0,0.0,0.0,0.0,0.0
1034,1035,34.467,0.98,1,-0.114433,0.192452,-0.974611,-0.26984,0.226967,-0.935774,-0.199,0.216,90.6,9.0,456.2,0.105,0.212,0.001,0.05,0.09,0.0,0.0,0.21,0.73,0.0,0.85,0.03,0.0,0.0,0.35,0.05,0.04,0.0,0.06,0.07,0.0,0.0,0.0,0.0,0.0,0.0,0.0,1.0,0.0,0.0,0.0,0.0,0.0,0.0,0.0,0.0,0.0,0.0
1035,1036,34.5,0.98,1,-0.115722,0.18578,-0.975753,-0.262537,0.233617,-0.936214,-0.195,0.216,90.3,9.1,454.5,0.103,0.21,-0.001,0.07,0.02,0.0,0.0,0.25,0.89,0.01,1.06,0.02,0.0,0.04,0.29,0.0,0.0,0.0,0.06,0.07,0.0,0.0,0.0,0.0,0.0,0.0,0.0,1.0,0.0,0.0,0.0,0.0,0.0,0.0,0.0,0.0,0.0,0.0
1036,1037,34.533,0.98,1,-0.115449,0.187006,-0.975551,-0.254666,0.251607,-0.933723,-0.191,0.226,89.9,9.5,453.3,0.113,0.211,0.001,0.06,0.04,0.12,0.0,0.27,0.86,0.01,1.29,0.02,0.0,0.06,0.26,0.0,0.0,0.15,0.08,0.08,0.0,0.0,0.0,0.0,0.0,0.0,0.0,1.0,0.0,0.0,0.0,0.0,0.0,0.0,0.0,0.0,0.0,0.0
1037,1038,34.567,0.98,1,-0.111494,0.206915,-0.971985,-0.267703,0.242709,-0.932431,-0.197,0.232,90.0,9.7,453.1,0.116,0.211,-0.003,0.06,0.04,0.12,0.0,0.36,0.84,0.01,1.35,0.07,0.0,0.09,0.28,0.0,0.0,0.33,0.02,0.03,0.0,0.0,0.0,0.0,0.0,0.0,0.0,1.0,0.0,0.0,0.0,0.0,0.0,0.0,0.0,0.0,0.0,0.0
1038,1039,34.6,0.98,1,-0.113333,0.199625,-0.973296,-0.260017,0.244099,-0.934241,-0.193,0.229,90.2,9.5,453.7,0.106,0.207,0.0,0.02,0.03,0.12,0.0,0.4,0.74,0.0,1.34,0.14,0.0,0.05,0.23,0.01,0.01,0.32,0.07,0.07,0.0,0.0,0.0,0.0,0.0,0.0,0.0,1.0,0.0,0.0,0.0,0.0,0.0,0.0,0.0,0.0,0.0,0.0
1039,1040,34.633,0.98,1,-0.119087,0.198914,-0.972755,-0.257895,0.230788,-0.938204,-0.195,0.221,90.1,9.4,451.9,0.105,0.205,-0.002,0.0,0.0,0.02,0.0,0.35,0.82,0.0,1.24,0.18,0.0,0.02,0.16,0.01,0.09,0.18,0.08,0.09,0.0,0.0,0.0,0.0,0.0,0.0,0.0,1.0,0.0,0.0,0.0,0.0,0.0,0.0,0.0,0.0,0.0,0.0
1040,1041,34.667,0.98,1,-0.110586,0.211742,-0.971049,-0.24741,0.247696,-0.936715,-0.185,0.236,90.4,9.3,452.2,0.106,0.203,-0.004,0.0,0.0,0.04,0.0,0.32,0.83,0.0,1.29,0.18,0.0,0.0,0.22,0.02,0.2,0.0,0.15,0.17,0.0,0.0,0.0,0.0,0.0,0.0,0.0,1.0,0.0,0.0,0.0,0.0,0.0,0.0,0.0,0.0,0.0,0.0
1041,1042,34.7,0.98,1,-0.104687,0.203208,-0.973523,-0.237922,0.245707,-0.939692,-0.177,0.23,90.5,9.0,450.7,0.092,0.195,-0.005,0.0,0.0,0.04,0.01,0.33,0.98,0.02,1.3,0.17,0.0,0.0,0.28,0.03,0.44,0.0,0.1,0.13,0.0,0.0,0.0,0.0,0.0,0.0,0.0,1.0,0.0,0.0,1.0,0.0,0.0,0.0,0.0,0.0,0.0,0.0
1042,1043,34.733,0.98,1,-0.079105,0.155311,-0.984693,-0.200564,0.179583,-0.96308,-0.143,0.17,90.8,8.5,449.6,0.097,0.188,-0.008,0.0,0.0,0.03,0.05,0.41,1.03,0.03,1.29,0.24,0.0,0.0,0.41,0.15,0.59,0.0,0.08,0.1,0.0,0.0,0.0,0.0,0.0,0.0,0.0,1.0,0.0,0.0,1.0,0.0,0.0,0.0,0.0,0.0,0.0,0.0
1043,1044,34.767,0.98,1,-0.071591,0.141036,-0.987413,-0.216259,0.18359,-0.95892,-0.147,0.165,91.5,8.4,450.7,0.109,0.189,-0.015,0.0,0.0,0.01,0.15,0.52,1.11,0.04,1.42,0.36,0.0,0.0,0.41,0.17,0.71,0.0,0.0,0.0,0.0,0.0,0.0,0.0,0.0,0.0,0.0,1.0,0.0,0.0,1.0,0.0,0.0,0.0,0.0,0.0,0.0,0.0
1044,1045,34.8,0.98,1,-0.067092,0.126599,-0.989682,-0.217682,0.174741,-0.96025,-0.145,0.153,92.2,8.4,451.8,0.101,0.181,-0.014,0.0,0.0,0.01,0.26,0.58,0.97,0.06,1.47,0.38,0.0,0.0,0.45,0.26,0.75,0.0,0.0,0.0,0.0,0.0,0.0,0.0,0.0,0.0,0.0,1.0,0.0,0.0,1.0,0.0,0.0,0.0,0.0,0.0,0.0,0.0
1045,1046,34.833,0.98,1,-0.080495,0.118307,-0.989709,-0.218375,0.149004,-0.964422,-0.152,0.136,92.6,8.4,449.6,0.098,0.173,-0.016,0.0,0.0,0.03,0.39,0.6,1.18,0.05,1.56,0.34,0.0,0.0,0.47,0.34,0.75,0.0,0.14,0.0,0.0,0.0,0.0,0.0,0.0,0.0,0.0,1.0,0.0,0.0,1.0,0.0,0.0,0.0,0.0,0.0,0.0,0.0
1046,1047,34.867,0.98,1,-0.062876,0.13685,-0.988594,-0.224528,0.163737,-0.960613,-0.146,0.153,93.1,8.7,450.5,0.102,0.168,-0.017,0.0,0.03,0.07,0.53,0.53,1.25,0.04,1.46,0.26,0.0,0.0,0.41,0.41,0.75,0.0,0.14,0.0,0.0,0.0,0.0,0.0,0.0,0.0,0.0,1.0,0.0,0.0,1.0,0.0,0.0,0.0,0.0,0.0,0.0,0.0
1047,1048,34.9,0.98,1,-0.063384,0.12098,-0.990629,-0.19777,0.156584,-0.967661,-0.133,0.141,93.6,9.1,450.9,0.099,0.163,-0.019,0.0,0.03,0.07,0.69,0.44,1.14,0.0,1.48,0.23,0.0,0.0,0.41,0.34,0.73,0.0,0.15,0.0,0.0,0.0,0.0,0.0,0.0,0.0,0.0,1.0,0.0,0.0,1.0,0.0,0.0,0.0,0.0,0.0,0.0,0.0
1048,1049,34.933,0.98,1,-0.072022,0.11647,-0.990579,-0.218687,0.153572,-0.963635,-0.148,0.137,93.8,8.9,450.3,0.096,0.16,-0.017,0.0,0.05,0.04,0.73,0.33,1.07,0.0,1.44,0.25,0.0,0.0,0.42,0.29,0.73,0.0,0.05,0.0,0.0,0.0,0.0,0.0,0.0,0.0,0.0,1.0,0.0,0.0,1.0,0.0,0.0,0.0,0.0,0.0,0.0,0.0
1049,1050,34.967,0.98,1,-0.078706,0.113572,-0.990407,-0.214334,0.180507,-0.959936,-0.149,0.15,94.0,8.9,450.4,0.099,0.163,-0.021,0.0,0.05,0.0,0.59,0.27,1.53,0.0,1.34,0.31,0.0,0.0,0.6,0.45,0.71,0.0,0.16,0.0,0.0,0.0,0.0,0.0,0.0,0.0,0.0,1.0,0.0,0.0,1.0,0.0,0.0,0.0,0.0,0.0,0.0,0.0
